CLICKS, MaxCPM5
1474365362,3,36
1474365372,8,113
1474365382,10,241
1474365392,2,40
1474365402,5,46
1474365412,6,50
1474365422,5,53
1474365432,5,82
1474365443,8,267
1474365453,6,64
1474365463,4,29
1474365473,4,117
1474365483,6,98
1474365493,6,114
1474365503,2,35
1474365513,5,66
1474365523,6,48
1474365533,7,95
1474365543,3,33
1474365553,6,73
1474365563,4,51
1474365573,6,167
1474365583,11,189
1474365593,5,131
1474365603,8,112
1474365613,3,64
1474365623,5,70
1474365633,1,28
1474365643,5,68
1474365653,7,98
1474365663,9,140
1474365673,9,74
1474365683,10,223
1474365693,4,51
1474365703,8,74
1474365713,4,70
1474365723,5,42
1474365733,4,44
1474365743,5,38
1474365753,4,77
1474365763,6,36
1474365773,6,75
1474365783,5,45
1474365793,5,47
1474365803,5,49
1474365813,6,51
1474365823,7,297
1474365833,6,53
1474365843,7,66
1474365853,4,96
1474365863,2,17
1474365873,7,100
1474365883,10,124
1474365893,4,37
1474365903,11,270
1474365913,7,155
1474365923,2,31
1474365933,8,110
1474365943,3,72
1474365953,5,37
1474365963,5,62
1474365973,6,88
1474365983,6,59
1474365993,9,133
1474366003,3,48
1474366013,6,47
1474366023,6,110
1474366033,3,38
1474366043,4,24
1474366053,10,96
1474366063,6,256
1474366073,2,63
1474366083,10,379
1474366093,6,164
1474366103,5,72
1474366113,9,135
1474366123,4,74
1474366133,4,29
1474366143,5,61
1474366153,8,98
1474366163,4,125
1474366173,8,157
1474366183,10,131
1474366193,8,91
1474366203,5,82
1474366213,3,27
1474366223,6,65
1474366233,4,35
1474366243,9,112
1474366253,5,57
1474366263,6,52
1474366273,6,282
1474366283,7,161
1474366293,4,37
1474366303,3,47
1474366313,3,27
1474366323,6,76
1474366333,7,62
1474366343,7,80
1474366353,9,111
1474366363,5,79
1474366373,7,73
1474366383,2,60
1474366393,6,109
1474366403,10,150
1474366413,6,76
1474366423,8,108
1474366433,11,144
1474366443,2,58
1474366453,2,20
1474366463,3,18
1474366474,6,95
1474366484,4,26
1474366494,6,98
1474366504,6,113
1474366514,3,30
1474366524,6,67
1474366534,5,64
1474366544,7,62
1474366554,4,44
1474366564,1,27
1474366574,4,23
1474366584,6,53
1474366594,4,34
1474366604,6,86
1474366614,0,0
1474366624,5,32
1474366634,6,90
1474366644,6,64
1474366654,6,53
1474366664,8,141
1474366674,4,113
1474366684,6,118
1474366694,5,41
1474366704,6,61
1474366714,4,61
1474366724,7,84
1474366734,5,804
1474366744,10,419
1474366754,9,121
1474366764,3,42
1474366774,7,60
1474366784,3,60
1474366794,6,52
1474366804,5,49
1474366814,5,56
1474366824,7,96
1474366834,6,106
1474366844,6,48
1474366854,6,93
1474366864,6,92
1474366874,5,47
1474366884,10,135
1474366894,6,92
1474366904,9,194
1474366914,3,59
1474366924,8,91
1474366934,10,107
1474366944,4,90
1474366954,4,28
1474366964,9,124
1474366974,10,194
1474366984,7,149
1474366994,2,38
1474367004,3,17
1474367014,6,46
1474367024,7,101
1474367034,8,129
1474367044,4,46
1474367054,9,88
1474367064,12,186
1474367074,6,74
1474367084,6,66
1474367094,6,45
1474367104,4,54
1474367114,3,29
1474367124,3,59
1474367134,4,19
1474367144,9,254
1474367154,6,109
1474367164,7,232
1474367174,5,63
1474367184,5,69
1474367194,8,87
1474367204,6,77
1474367214,7,168
1474367224,3,41
1474367234,5,65
1474367244,4,55
1474367254,7,70
1474367264,5,73
1474367274,3,40
1474367284,5,34
1474367294,8,87
1474367304,8,108
1474367314,5,54
1474367324,7,91
1474367334,6,61
1474367344,8,238
1474367354,6,100
1474367364,5,42
1474367374,4,76
1474367384,4,45
1474367394,3,25
1474367404,8,123
1474367414,4,40
1474367424,10,100
1474367434,2,90
1474367444,7,70
1474367454,6,56
1474367464,8,102
1474367474,6,60
1474367484,4,51
1474367495,6,62
1474367505,6,76
1474367515,10,272
1474367525,8,71
1474367535,2,44
1474367545,11,313
1474367555,6,82
1474367565,9,174
1474367575,3,78
1474367585,6,166
1474367595,9,89
1474367605,5,174
1474367615,8,81
1474367625,7,73
1474367635,3,36
1474367645,13,137
1474367655,6,100
1474367665,1,18
1474367675,6,59
1474367685,6,65
1474367695,5,43
1474367705,3,32
1474367715,7,59
1474367725,4,70
1474367735,2,25
1474367745,3,18
1474367755,5,102
1474367765,12,374
1474367775,4,82
1474367785,5,48
1474367795,6,61
1474367805,7,84
1474367815,11,303
1474367825,6,315
1474367835,6,36
1474367845,6,65
1474367855,6,114
1474367865,4,45
1474367875,8,109
1474367885,5,58
1474367895,5,62
1474367905,9,121
1474367915,3,320
1474367925,4,28
1474367935,7,166
1474367945,4,83
1474367955,9,94
1474367965,5,63
1474367975,5,81
1474367985,12,158
1474367995,7,60
1474368005,2,62
1474368015,3,23
1474368025,4,30
1474368035,1,18
1474368045,1,12
1474368055,5,37
1474368065,8,74
1474368075,9,93
1474368085,8,75
1474368095,6,66
1474368105,6,113
1474368115,3,32
1474368125,3,23
1474368135,9,77
1474368145,3,36
1474368155,2,22
1474368165,5,107
1474368175,8,104
1474368185,5,64
1474368195,5,43
1474368205,5,97
1474368215,5,49
1474368225,4,53
1474368235,4,30
1474368245,5,83
1474368255,6,39
1474368265,5,40
1474368275,15,266
1474368285,6,244
1474368295,5,57
1474368305,4,34
1474368315,5,84
1474368325,6,126
1474368335,3,21
1474368345,3,41
1474368355,11,136
1474368365,7,77
1474368375,5,67
1474368385,4,36
1474368395,6,42
1474368405,9,175
1474368415,10,130
1474368425,7,88
1474368435,2,46
1474368445,4,26
1474368455,5,55
1474368465,7,53
1474368475,6,84
1474368485,8,59
1474368495,4,124
1474368505,7,56
1474368515,7,91
1474368526,5,52
1474368536,10,140
1474368546,6,78
1474368556,2,43
1474368566,8,66
1474368576,5,73
1474368586,7,77
1474368596,7,143
1474368606,4,39
1474368616,2,22
1474368626,8,76
1474368636,6,88
1474368646,5,104
1474368656,1,18
1474368666,4,27
1474368676,4,43
1474368686,6,64
1474368696,7,60
1474368706,5,52
1474368716,5,105
1474368726,6,49
1474368736,6,65
1474368746,6,74
1474368756,4,78
1474368766,7,63
1474368776,4,52
1474368786,7,115
1474368796,4,65
1474368806,1,21
1474368816,7,54
1474368826,3,39
1474368836,4,26
1474368846,7,377
1474368856,4,44
1474368866,0,0
1474368876,4,15
1474368886,4,51
1474368896,7,148
1474368906,3,46
1474368916,3,26
1474368926,4,28
1474368936,9,79
1474368946,4,58
1474368956,2,20
1474368966,1,14
1474368976,5,77
1474368986,5,45
1474368996,9,81
1474369006,4,91
1474369016,5,43
1474369026,10,172
1474369036,6,48
1474369046,6,52
1474369056,6,94
1474369066,6,62
1474369076,3,31
1474369086,6,153
1474369096,5,60
1474369106,6,66
1474369116,8,115
1474369126,2,30
1474369136,3,24
1474369146,5,45
1474369156,7,136
1474369166,8,145
1474369176,9,112
1474369186,9,380
1474369196,6,83
1474369206,7,84
1474369216,8,110
1474369226,4,162
1474369236,4,26
1474369246,2,30
1474369256,6,63
1474369266,4,37
1474369276,6,37
1474369286,2,68
1474369296,5,52
1474369306,3,20
1474369316,3,30
1474369326,5,48
1474369336,4,38
1474369346,7,118
1474369356,7,78
1474369366,6,42
1474369376,6,115
1474369386,6,57
1474369396,5,64
1474369406,6,64
1474369416,8,277
1474369426,5,45
1474369436,5,63
1474369446,4,37
1474369456,5,48
1474369466,6,70
1474369476,9,731
1474369486,6,122
1474369496,13,160
1474369506,5,70
1474369516,11,97
1474369526,5,81
1474369536,6,55
1474369546,6,40
1474369556,6,80
1474369566,5,59
1474369576,10,161
1474369587,9,275
1474369597,5,39
1474369607,8,100
1474369617,4,41
1474369627,3,55
1474369637,7,126
1474369647,8,86
1474369657,5,75
1474369667,5,76
1474369677,5,54
1474369687,4,32
1474369697,5,57
1474369707,4,66
1474369717,8,165
1474369727,8,137
1474369737,5,52
1474369747,7,143
1474369757,8,178
1474369767,7,66
1474369777,3,48
1474369787,5,41
1474369797,6,107
1474369807,4,44
1474369817,7,64
1474369827,6,56
1474369837,9,199
1474369847,9,141
1474369857,6,63
1474369867,4,59
1474369877,5,66
1474369887,3,26
1474369897,5,33
1474369907,8,90
1474369917,3,54
1474369927,8,92
1474369937,7,67
1474369947,4,49
1474369957,6,75
1474369967,7,85
1474369977,5,70
1474369987,2,19
1474369997,4,49
1474370007,4,33
1474370017,7,58
1474370027,5,73
1474370037,7,58
1474370047,11,165
1474370057,5,124
1474370067,9,69
1474370077,2,33
1474370087,2,26
1474370097,7,62
1474370107,7,80
1474370117,7,112
1474370127,6,95
1474370137,5,71
1474370147,8,107
1474370157,5,57
1474370167,4,31
1474370177,6,62
1474370187,4,50
1474370197,8,129
1474370207,3,44
1474370217,2,16
1474370227,5,42
1474370237,2,53
1474370247,4,25
1474370257,2,28
1474370267,3,18
1474370277,5,39
1474370287,4,63
1474370297,11,140
1474370307,6,71
1474370317,9,75
1474370327,3,52
1474370337,4,25
1474370347,7,76
1474370357,5,48
1474370367,7,53
1474370377,1,56
1474370387,2,16
1474370397,8,122
1474370407,8,90
1474370417,8,83
1474370427,7,113
1474370437,4,27
1474370447,7,145
1474370457,2,42
1474370467,3,25
1474370477,6,56
1474370487,6,56
1474370497,5,44
1474370507,7,76
1474370517,6,86
1474370527,2,31
1474370537,4,28
1474370547,6,71
1474370557,4,64
1474370567,6,41
1474370577,3,37
1474370587,6,48
1474370597,8,398
1474370608,5,115
1474370618,7,66
1474370628,4,59
1474370638,4,37
1474370648,1,27
1474370658,7,69
1474370668,3,33
1474370678,4,39
1474370688,5,44
1474370698,5,113
1474370708,8,123
1474370718,5,104
1474370728,1,42
1474370738,2,20
1474370748,0,0
1474370758,7,77
1474370768,6,118
1474370778,9,323
1474370788,6,55
1474370798,7,65
1474370808,7,125
1474370818,5,68
1474370828,6,63
1474370838,5,38
1474370848,6,80
1474370858,6,54
1474370868,10,116
1474370878,6,128
1474370888,6,71
1474370898,4,43
1474370908,4,28
1474370918,3,47
1474370928,5,53
1474370938,5,43
1474370948,6,65
1474370958,5,41
1474370968,2,42
1474370978,3,22
1474370988,4,34
1474370998,7,88
1474371008,2,53
1474371018,5,62
1474371028,7,94
1474371038,8,126
1474371048,8,87
1474371058,6,103
1474371068,2,20
1474371078,5,43
1474371088,6,57
1474371098,4,39
1474371108,5,46
1474371118,5,118
1474371128,9,114
1474371138,3,31
1474371148,7,73
1474371158,11,129
1474371168,5,142
1474371178,6,63
1474371188,5,59
1474371198,4,48
1474371208,4,40
1474371218,5,37
1474371228,4,41
1474371238,6,136
1474371248,5,58
1474371258,8,120
1474371268,2,64
1474371278,8,230
1474371288,6,86
1474371298,5,61
1474371308,6,115
1474371318,5,113
1474371328,4,38
1474371338,9,157
1474371348,4,69
1474371358,9,128
1474371368,5,131
1474371378,3,45
1474371388,8,105
1474371398,11,128
1474371408,7,75
1474371418,7,142
1474371428,5,136
1474371438,5,59
1474371448,5,55
1474371458,6,65
1474371468,3,43
1474371478,9,122
1474371488,3,30
1474371498,4,28
1474371508,6,65
1474371518,2,81
1474371528,7,193
1474371538,5,41
1474371548,6,82
1474371558,6,94
1474371568,11,188
1474371578,6,70
1474371588,6,57
1474371598,8,112
1474371608,5,69
1474371618,3,37
1474371628,4,30
1474371638,4,41
1474371649,7,59
1474371659,8,125
1474371669,10,86
1474371679,3,53
1474371689,7,227
1474371699,6,128
1474371709,1,66
1474371719,6,64
1474371729,6,65
1474371739,5,78
1474371749,8,99
1474371759,9,191
1474371769,6,67
1474371779,4,83
1474371789,9,71
1474371799,4,88
1474371809,5,42
1474371819,7,124
1474371829,6,54
1474371839,9,164
1474371849,5,95
1474371859,3,38
1474371869,7,71
1474371879,5,81
1474371889,4,32
1474371899,6,77
1474371909,8,99
1474371919,8,80
1474371929,5,65
1474371939,7,45
1474371949,11,127
1474371959,6,123
1474371969,5,38
1474371979,5,45
1474371989,5,48
1474371999,7,69
1474372009,7,115
1474372019,4,44
1474372029,2,26
1474372039,10,163
1474372049,7,87
1474372059,9,146
1474372069,1,19
1474372079,4,29
1474372089,4,35
1474372099,2,33
1474372109,6,50
1474372119,3,69
1474372129,7,57
1474372139,10,137
1474372149,5,87
1474372159,6,62
1474372169,4,35
1474372179,9,290
1474372189,6,107
1474372199,8,113
1474372209,7,75
1474372219,6,150
1474372229,7,90
1474372239,5,53
1474372249,6,53
1474372259,3,57
1474372269,11,93
1474372279,4,64
1474372289,1,32
1474372299,4,19
1474372309,4,50
1474372319,8,257
1474372329,5,38
1474372339,5,69
1474372349,8,79
1474372359,6,88
1474372369,4,72
1474372379,6,65
1474372389,5,41
1474372399,11,97
1474372409,6,97
1474372419,4,48
1474372429,4,28
1474372439,3,26
1474372449,5,42
1474372459,5,84
1474372469,3,33
1474372479,3,29
1474372489,4,26
1474372499,7,89
1474372509,7,94
1474372519,6,81
1474372529,8,67
1474372539,4,38
1474372549,3,22
1474372559,9,111
1474372569,4,43
1474372579,5,88
1474372589,3,22
1474372599,6,114
1474372609,6,53
1474372619,5,71
1474372629,4,30
1474372639,3,38
1474372649,6,92
1474372659,7,65
1474372670,4,60
1474372680,7,92
1474372690,6,100
1474372700,9,172
1474372710,6,83
1474372720,3,33
1474372730,5,32
1474372740,7,70
1474372750,4,60
1474372760,3,53
1474372770,4,29
1474372780,3,28
1474372790,6,67
1474372800,6,69
1474372810,7,71
1474372820,6,69
1474372830,7,56
1474372840,8,116
1474372850,10,81
1474372860,4,63
1474372870,3,30
1474372880,7,77
1474372890,8,81
1474372900,3,60
1474372910,5,52
1474372920,3,37
1474372930,6,60
1474372940,11,221
1474372950,6,68
1474372960,5,46
1474372970,2,23
1474372980,7,76
1474372990,5,476
1474373000,3,27
1474373010,5,36
1474373020,6,52
1474373030,7,121
1474373040,5,54
1474373050,6,87
1474373060,3,60
1474373070,4,29
1474373080,3,37
1474373090,8,102
1474373100,6,152
1474373110,3,35
1474373120,3,23
1474373130,9,148
1474373140,2,27
1474373150,3,22
1474373160,8,86
1474373170,3,46
1474373180,8,211
1474373190,3,28
1474373200,8,85
1474373210,4,37
1474373220,7,112
1474373230,5,55
1474373240,3,43
1474373250,10,72
1474373260,6,106
1474373270,4,64
1474373280,7,90
1474373290,0,0
1474373300,6,140
1474373310,5,64
1474373320,5,56
1474373330,2,29
1474373340,3,24
1474373350,7,79
1474373360,5,76
1474373370,7,141
1474373380,2,41
1474373390,7,58
1474373400,9,140
1474373410,7,144
1474373420,6,112
1474373430,8,113
1474373440,5,48
1474373450,4,37
1474373460,8,175
1474373470,4,54
1474373480,6,55
1474373490,4,45
1474373500,8,73
1474373510,5,257
1474373520,4,28
1474373530,8,140
1474373540,8,118
1474373550,6,52
1474373560,7,89
1474373570,9,134
1474373580,3,45
1474373590,6,51
1474373600,9,174
1474373610,10,249
1474373620,7,64
1474373630,6,123
1474373640,5,37
1474373650,4,34
1474373660,5,50
1474373670,6,53
1474373680,5,53
1474373690,10,355
1474373700,5,51
1474373711,7,91
1474373721,5,68
1474373731,5,72
1474373741,5,62
1474373751,4,42
1474373761,4,48
1474373771,3,20
1474373781,4,41
1474373791,3,40
1474373801,0,0
1474373811,3,13
1474373821,8,98
1474373831,7,153
1474373841,3,104
1474373851,5,35
1474373861,7,58
1474373871,11,153
1474373881,13,231
1474373891,8,89
1474373901,4,83
1474373911,7,139
1474373921,7,84
1474373931,3,31
1474373941,5,52
1474373951,7,125
1474373961,4,46
1474373971,7,374
1474373981,6,72
1474373991,6,51
1474374001,3,35
1474374011,4,42
1474374021,5,51
1474374031,3,44
1474374041,5,62
1474374051,8,108
1474374061,2,32
1474374071,6,57
1474374081,5,37
1474374091,10,171
1474374101,8,87
1474374111,8,281
1474374121,6,115
1474374131,5,43
1474374141,5,45
1474374151,9,99
1474374161,1,36
1474374171,13,252
1474374181,7,73
1474374191,9,70
1474374201,6,109
1474374211,5,106
1474374221,7,88
1474374231,11,255
1474374241,3,34
1474374251,6,42
1474374261,2,48
1474374271,2,24
1474374281,3,18
1474374291,6,55
1474374301,4,43
1474374311,2,34
1474374321,7,133
1474374331,5,59
1474374341,8,165
1474374351,7,114
1474374361,4,73
1474374371,6,56
1474374381,6,65
1474374391,3,51
1474374401,10,130
1474374411,11,250
1474374421,5,89
1474374431,5,47
1474374441,5,41
1474374451,10,127
1474374461,3,33
1474374471,4,40
1474374481,11,193
1474374491,9,134
1474374501,6,90
1474374511,1,18
1474374521,4,31
1474374531,3,25
1474374541,7,75
1474374551,7,74
1474374561,2,35
1474374571,7,67
1474374581,5,56
1474374591,8,83
1474374601,4,46
1474374611,4,108
1474374621,6,65
1474374631,7,89
1474374641,8,74
1474374651,5,60
1474374661,2,40
1474374671,2,24
1474374681,9,218
1474374691,11,154
1474374701,6,127
1474374711,6,70
1474374721,5,54
1474374731,2,69
1474374741,10,138
1474374752,7,171
1474374762,7,66
1474374772,5,109
1474374782,1,25
1474374792,4,29
1474374802,1,16
1474374812,3,15
1474374822,10,134
1474374832,6,94
1474374842,6,80
1474374852,1,24
1474374862,5,43
1474374872,6,119
1474374882,4,30
1474374892,2,31
1474374902,5,40
1474374912,4,37
1474374922,6,63
1474374932,5,68
1474374942,4,32
1474374952,5,57
1474374962,9,132
1474374972,16,477
1474374982,3,37
1474374992,8,112
1474375002,2,54
1474375012,4,24
1474375022,9,169
1474375032,10,219
1474375042,4,113
1474375052,8,84
1474375062,2,44
1474375072,9,100
1474375082,5,78
1474375092,6,84
1474375102,6,44
1474375112,6,51
1474375122,7,118
1474375132,2,44
1474375142,9,99
1474375152,7,111
1474375162,4,46
1474375172,4,30
1474375182,7,77
1474375192,8,168
1474375202,4,69
1474375212,5,42
1474375222,6,42
1474375232,5,49
1474375242,5,48
1474375252,9,120
1474375262,3,72
1474375272,2,21
1474375282,4,30
1474375292,3,21
1474375302,2,23
1474375312,7,128
1474375322,7,161
1474375332,10,137
1474375342,6,72
1474375352,3,49
1474375362,7,107
1474375372,4,52
1474375382,8,94
1474375392,5,160
1474375402,4,31
1474375412,6,47
1474375422,4,52
1474375432,1,20
1474375442,4,33
1474375452,6,48
1474375462,5,90
1474375472,7,102
1474375482,5,59
1474375492,5,101
1474375502,9,113
1474375512,1,20
1474375522,3,19
1474375532,8,121
1474375542,5,50
1474375552,7,104
1474375562,5,87
1474375572,7,92
1474375582,4,35
1474375592,5,85
1474375602,5,56
1474375612,5,55
1474375622,5,50
1474375632,6,45
1474375642,7,71
1474375652,6,101
1474375662,4,45
1474375672,9,121
1474375682,5,92
1474375692,12,423
1474375702,7,81
1474375712,4,53
1474375722,6,79
1474375732,9,238
1474375742,8,106
1474375752,6,68
1474375762,6,95
1474375772,2,72
1474375783,8,118
1474375793,9,154
1474375803,7,103
1474375813,8,186
1474375823,8,78
1474375833,3,83
1474375843,5,34
1474375853,4,30
1474375863,7,88
1474375873,11,103
1474375883,4,77
1474375893,7,82
1474375903,5,68
1474375913,7,69
1474375923,9,176
1474375933,5,55
1474375943,7,69
1474375953,5,52
1474375963,2,28
1474375973,7,97
1474375983,9,162
1474375993,7,97
1474376003,0,0
1474376013,6,74
1474376023,6,142
1474376033,5,50
1474376043,4,29
1474376053,5,82
1474376063,4,32
1474376073,14,184
1474376083,6,105
1474376093,3,35
1474376103,5,33
1474376113,7,61
1474376123,5,50
1474376133,3,40
1474376143,5,47
1474376153,5,50
1474376163,4,37
1474376173,4,33
1474376183,4,34
1474376193,1,34
1474376203,10,405
1474376213,6,122
1474376223,5,59
1474376233,5,108
1474376243,8,94
1474376253,2,26
1474376263,5,41
1474376273,6,150
1474376283,2,25
1474376293,4,26
1474376303,8,88
1474376313,1,33
1474376323,2,19
1474376333,7,76
1474376343,7,61
1474376353,3,31
1474376363,4,25
1474376373,5,47
1474376383,1,36
1474376393,4,20
1474376403,3,28
1474376413,4,32
1474376423,5,50
1474376433,6,50
1474376443,2,29
1474376453,3,22
1474376463,8,82
1474376473,11,274
1474376483,6,120
1474376493,4,116
1474376503,8,104
1474376513,6,92
1474376523,5,99
1474376533,4,73
1474376543,3,28
1474376553,4,32
1474376563,9,296
1474376573,6,59
1474376583,7,84
1474376593,2,54
1474376603,4,23
1474376613,6,82
1474376623,6,120
1474376633,11,134
1474376643,4,50
1474376653,6,52
1474376663,6,62
1474376673,3,27
1474376683,4,62
1474376693,4,28
1474376703,6,72
1474376713,4,44
1474376723,4,32
1474376733,1,15
1474376743,10,212
1474376753,11,251
1474376763,10,202
1474376773,5,57
1474376783,4,107
1474376793,7,82
1474376803,8,139
1474376814,3,45
1474376824,7,151
1474376834,4,36
1474376844,5,80
1474376854,8,181
1474376864,5,89
1474376874,3,26
1474376884,3,20
1474376894,8,108
1474376904,5,61
1474376914,8,143
1474376924,5,50
1474376934,5,37
1474376944,9,118
1474376954,10,123
1474376964,5,51
1474376974,5,79
1474376984,7,90
1474376994,5,43
1474377004,4,55
1474377014,3,28
1474377024,4,45
1474377034,5,53
1474377044,6,63
1474377054,7,81
1474377064,4,71
1474377074,4,26
1474377084,6,50
1474377094,2,45
1474377104,5,45
1474377114,6,152
1474377124,5,98
1474377134,8,57
1474377144,6,82
1474377154,5,82
1474377164,6,58
1474377174,5,44
1474377184,6,71
1474377194,4,25
1474377204,11,130
1474377214,4,132
1474377224,13,293
1474377234,6,66
1474377244,4,46
1474377254,7,57
1474377264,5,59
1474377274,8,98
1474377284,5,106
1474377294,9,92
1474377304,4,42
1474377314,7,55
1474377324,2,31
1474377334,3,32
1474377344,11,142
1474377354,2,29
1474377364,8,100
1474377374,3,56
1474377384,8,108
1474377394,3,114
1474377404,5,37
1474377414,3,30
1474377424,7,129
1474377434,3,60
1474377444,7,59
1474377454,5,76
1474377464,6,78
1474377474,7,146
1474377484,10,140
1474377494,5,56
1474377504,10,165
1474377514,1,30
1474377524,9,294
1474377534,3,26
1474377544,6,57
1474377554,11,213
1474377564,5,86
1474377574,6,108
1474377584,6,49
1474377594,7,185
1474377604,8,98
1474377614,3,54
1474377624,6,69
1474377634,2,59
1474377644,7,69
1474377654,2,30
1474377664,9,141
1474377674,7,72
1474377684,5,73
1474377694,3,54
1474377704,8,155
1474377714,9,110
1474377724,2,65
1474377734,8,80
1474377744,2,30
1474377754,2,16
1474377764,9,103
1474377774,6,103
1474377784,5,56
1474377794,4,30
1474377804,6,99
1474377814,4,41
1474377824,5,44
1474377835,9,92
1474377845,4,91
1474377855,9,157
1474377865,7,121
1474377875,3,33
1474377885,4,26
1474377895,8,127
1474377905,4,48
1474377915,5,52
1474377925,2,46
1474377935,8,105
1474377945,2,47
1474377955,8,184
1474377965,7,91
1474377975,5,36
1474377985,7,126
1474377995,5,58
1474378005,8,93
1474378015,8,91
1474378025,6,59
1474378035,3,26
1474378045,4,26
1474378055,4,36
1474378065,4,33
1474378075,4,36
1474378085,7,68
1474378095,7,47
1474378105,3,59
1474378115,12,151
1474378125,7,121
1474378135,2,81
1474378145,6,57
1474378155,5,60
1474378165,6,65
1474378175,4,67
1474378185,3,33
1474378195,10,147
1474378205,10,97
1474378215,3,30
1474378225,10,86
1474378235,3,69
1474378245,4,32
1474378255,8,121
1474378265,6,85
1474378275,10,199
1474378285,7,111
1474378295,6,82
1474378305,2,48
1474378315,5,41
1474378325,1,17
1474378335,9,332
1474378345,4,33
1474378355,9,83
1474378365,0,0
1474378375,2,18
1474378385,2,12
1474378395,3,18
1474378405,5,55
1474378415,5,47
1474378425,4,45
1474378435,5,58
1474378445,2,26
1474378455,2,14
1474378465,5,66
1474378475,4,28
1474378485,4,44
1474378495,7,47
1474378505,9,95
1474378515,5,113
1474378525,4,23
1474378535,6,63
1474378545,4,61
1474378555,9,112
1474378565,6,83
1474378575,6,59
1474378585,9,143
1474378595,5,72
1474378605,4,34
1474378615,8,91
1474378625,6,125
1474378635,4,49
1474378645,2,29
1474378655,3,16
1474378665,6,51
1474378675,3,34
1474378685,1,14
1474378695,9,137
1474378705,5,91
1474378715,8,212
1474378725,2,24
1474378735,4,48
1474378745,5,75
1474378755,3,26
1474378765,0,0
1474378775,7,46
1474378785,7,94
1474378795,6,71
1474378805,1,32
1474378815,6,56
1474378825,7,139
1474378835,6,70
1474378845,3,23
1474378855,3,31
1474378865,3,34
1474378875,5,30
1474378886,6,95
1474378896,8,79
1474378906,4,53
1474378916,3,26
1474378926,2,26
1474378936,8,84
1474378946,3,64
1474378956,7,50
1474378966,7,66
1474378976,5,105
1474378986,11,113
1474378996,6,156
1474379006,8,224
1474379016,4,97
1474379026,7,59
1474379036,12,112
1474379046,4,149
1474379056,3,28
1474379066,10,102
1474379076,5,50
1474379086,5,64
1474379096,8,141
1474379106,7,92
1474379116,8,94
1474379126,8,112
1474379136,8,90
1474379146,3,53
1474379156,6,39
1474379166,2,32
1474379176,6,46
1474379186,4,39
1474379196,7,62
1474379206,3,39
1474379216,5,41
1474379226,6,52
1474379236,7,125
1474379246,6,105
1474379256,3,29
1474379266,4,24
1474379276,5,58
1474379286,3,31
1474379296,7,106
1474379306,7,71
1474379316,5,49
1474379326,8,90
1474379336,6,62
1474379346,5,52
1474379356,4,46
1474379366,11,176
1474379376,1,23
1474379386,2,17
1474379396,4,22
1474379406,4,44
1474379416,1,20
1474379426,7,52
1474379436,1,24
1474379446,8,157
1474379456,6,57
1474379466,7,113
1474379476,7,76
1474379486,5,54
1474379496,4,45
1474379506,7,84
1474379516,2,44
1474379526,9,115
1474379536,5,48
1474379546,3,22
1474379556,10,167
1474379566,7,88
1474379576,6,66
1474379586,6,56
1474379596,9,124
1474379606,2,53
1474379616,2,19
1474379626,3,19
1474379636,3,20
1474379646,6,37
1474379656,7,65
1474379666,7,83
1474379676,11,196
1474379686,4,45
1474379696,5,57
1474379706,2,41
1474379716,6,67
1474379726,3,33
1474379736,7,121
1474379746,10,160
1474379756,6,67
1474379766,3,53
1474379776,7,77
1474379786,7,101
1474379796,2,25
1474379806,1,20
1474379816,4,17
1474379826,5,73
1474379836,7,129
1474379846,6,72
1474379856,5,62
1474379866,17,270
1474379876,3,33
1474379886,8,118
1474379896,6,45
1474379906,5,67
1474379916,3,35
1474379927,5,42
1474379937,7,96
1474379947,5,38
1474379957,5,59
1474379967,5,54
1474379977,6,41
1474379987,6,59
1474379997,4,54
1474380007,3,31
1474380017,2,24
1474380027,1,13
1474380037,8,54
1474380047,6,72
1474380057,4,33
1474380067,6,49
1474380077,5,66
1474380087,9,76
1474380097,12,219
1474380107,6,221
1474380117,8,209
1474380127,4,33
1474380137,7,167
1474380147,10,117
1474380157,3,61
1474380167,5,101
1474380177,1,31
1474380187,5,36
1474380197,6,56
1474380207,4,32
1474380217,4,32
1474380227,4,85
1474380237,7,51
1474380247,2,81
1474380257,8,84
1474380267,5,55
1474380277,4,85
1474380287,7,93
1474380297,5,83
1474380307,5,121
1474380317,4,30
1474380327,2,23
1474380337,5,46
1474380347,9,92
1474380357,4,108
1474380367,5,42
1474380377,7,54
1474380387,5,50
1474380397,5,47
1474380407,5,49
1474380417,4,50
1474380427,5,114
1474380437,1,27
1474380447,2,16
1474380457,4,22
1474380467,6,126
1474380477,5,52
1474380487,7,80
1474380497,12,207
1474380507,9,149
1474380517,9,106
1474380527,6,120
1474380537,4,49
1474380547,8,104
1474380557,5,42
1474380567,3,59
1474380577,5,44
1474380587,5,53
1474380597,5,47
1474380607,5,84
1474380617,7,65
1474380627,5,56
1474380637,6,79
1474380647,9,152
1474380657,7,120
1474380667,2,34
1474380677,5,44
1474380687,8,110
1474380697,4,36
1474380707,8,88
1474380717,8,109
1474380727,2,24
1474380737,3,32
1474380747,12,194
1474380757,4,66
1474380767,7,104
1474380777,5,118
1474380787,7,42
1474380797,9,129
1474380807,6,83
1474380817,9,299
1474380827,6,249
1474380837,9,101
1474380847,3,77
1474380857,10,111
1474380867,3,82
1474380877,6,44
1474380887,3,38
1474380897,1,14
1474380907,5,44
1474380917,6,85
1474380927,7,90
1474380937,7,132
1474380947,6,100
1474380958,4,30
1474380968,11,144
1474380978,4,41
1474380988,2,49
1474380998,2,21
1474381008,6,52
1474381018,6,62
1474381028,9,255
1474381038,3,45
1474381048,1,25
1474381058,8,114
1474381068,4,50
1474381078,5,38
1474381088,5,41
1474381098,9,231
1474381108,9,169
1474381118,5,43
1474381128,6,44
1474381138,6,58
1474381148,9,142
1474381158,6,72
1474381168,11,235
1474381178,9,147
1474381188,11,126
1474381198,5,46
1474381208,1,25
1474381218,2,15
1474381228,7,105
1474381238,5,106
1474381248,8,89
1474381258,6,93
1474381268,1,33
1474381278,4,21
1474381288,9,91
1474381298,6,85
1474381308,4,36
1474381318,7,166
1474381328,8,94
1474381338,7,90
1474381348,2,34
1474381358,7,57
1474381368,7,79
1474381378,4,44
1474381388,5,52
1474381398,7,93
1474381408,5,58
1474381418,4,28
1474381428,7,109
1474381438,10,94
1474381448,4,96
1474381458,9,84
1474381468,7,76
1474381478,3,30
1474381488,3,25
1474381498,7,60
1474381508,2,42
1474381518,6,65
1474381528,8,139
1474381538,2,48
1474381548,5,58
1474381558,7,57
1474381568,3,42
1474381578,8,140
1474381588,3,130
1474381598,8,100
1474381608,9,92
1474381618,10,329
1474381628,4,43
1474381638,6,90
1474381648,3,26
1474381658,6,87
1474381668,9,78
1474381678,11,122
1474381688,6,85
1474381698,7,73
1474381708,7,77
1474381718,1,46
1474381728,5,80
1474381738,4,60
1474381748,2,30
1474381758,6,54
1474381768,5,51
1474381778,3,50
1474381788,6,50
1474381798,6,144
1474381808,4,35
1474381818,8,67
1474381828,4,58
1474381838,4,29
1474381848,4,45
1474381858,6,43
1474381868,2,62
1474381878,5,148
1474381888,8,196
1474381898,8,118
1474381908,7,85
1474381918,4,54
1474381928,7,106
1474381938,4,37
1474381948,4,28
1474381958,4,70
1474381969,5,36
1474381979,1,22
1474381989,5,44
1474381999,6,61
1474382009,1,23
1474382019,3,19
1474382029,3,35
1474382039,5,32
1474382049,4,35
1474382059,7,91
1474382069,3,81
1474382079,7,96
1474382089,8,102
1474382099,3,54
1474382109,8,96
1474382119,5,99
1474382129,11,100
1474382139,4,62
1474382149,3,33
1474382159,5,42
1474382169,8,119
1474382179,3,47
1474382189,5,62
1474382199,6,108
1474382209,7,114
1474382219,2,26
1474382229,5,70
1474382239,4,26
1474382249,7,103
1474382259,7,91
1474382269,3,37
1474382279,4,31
1474382289,3,26
1474382299,4,39
1474382309,6,60
1474382319,7,89
1474382329,4,40
1474382339,4,34
1474382349,8,101
1474382359,3,154
1474382369,6,85
1474382379,7,154
1474382389,6,67
1474382399,1,51
1474382409,6,40
1474382419,2,55
1474382429,4,25
1474382439,2,27
1474382449,9,99
1474382459,2,45
1474382469,10,110
1474382479,2,61
1474382489,7,90
1474382499,6,211
1474382509,6,109
1474382519,8,99
1474382529,4,83
1474382539,2,18
1474382549,4,28
1474382559,4,34
1474382569,8,79
1474382579,5,144
1474382589,4,72
1474382599,6,65
1474382609,9,119
1474382619,6,65
1474382629,4,34
1474382639,10,211
1474382649,4,42
1474382659,4,30
1474382669,5,57
1474382679,4,31
1474382689,7,57
1474382699,7,81
1474382709,6,124
1474382719,7,156
1474382729,7,83
1474382739,6,66
1474382749,4,110
1474382759,5,50
1474382769,6,41
1474382779,3,28
1474382789,4,49
1474382799,8,99
1474382809,3,83
1474382819,4,28
1474382829,4,35
1474382839,6,46
1474382849,5,58
1474382859,8,76
1474382869,5,82
1474382879,9,241
1474382889,6,68
1474382899,3,42
1474382909,4,32
1474382919,4,31
1474382929,8,73
1474382939,3,73
1474382949,3,35
1474382959,3,33
1474382969,4,28
1474382979,4,32
1474382989,5,133
1474382999,4,30
1474383010,7,102
1474383020,5,43
1474383030,3,27
1474383040,6,117
1474383050,5,54
1474383060,9,246
1474383070,10,92
1474383080,2,68
1474383090,10,81
1474383100,9,134
1474383110,10,123
1474383120,11,141
1474383130,5,107
1474383140,3,31
1474383150,5,57
1474383160,6,92
1474383170,7,67
1474383180,8,103
1474383190,3,41
1474383200,7,72
1474383210,6,206
1474383220,4,47
1474383230,4,27
1474383240,2,34
1474383250,2,21
1474383260,4,30
1474383270,5,38
1474383280,5,50
1474383290,7,68
1474383300,8,113
1474383310,4,48
1474383320,8,103
1474383330,1,34
1474383340,7,115
1474383350,5,63
1474383360,7,86
1474383370,6,50
1474383380,5,44
1474383390,6,64
1474383400,4,45
1474383410,4,61
1474383420,4,38
1474383430,6,82
1474383440,4,38
1474383450,4,36
1474383460,3,38
1474383470,5,43
1474383480,9,133
1474383490,4,75
1474383500,8,158
1474383510,6,56
1474383520,5,54
1474383530,5,50
1474383540,3,31
1474383550,5,36
1474383560,2,45
1474383570,8,90
1474383580,7,70
1474383590,2,44
1474383600,7,76
1474383610,3,43
1474383620,5,48
1474383630,6,66
1474383640,8,62
1474383650,2,29
1474383660,7,69
1474383670,6,143
1474383680,4,44
1474383690,2,26
1474383700,5,70
1474383710,10,130
1474383720,6,65
1474383730,6,64
1474383740,7,158
1474383750,4,36
1474383760,8,120
1474383770,9,155
1474383780,9,150
1474383790,4,110
1474383800,5,46
1474383810,4,36
1474383820,6,101
1474383830,4,56
1474383840,5,43
1474383850,4,52
1474383860,9,84
1474383870,6,73
1474383880,4,26
1474383890,6,128
1474383900,6,79
1474383910,2,38
1474383920,5,41
1474383930,6,459
1474383940,7,74
1474383950,6,105
1474383960,6,56
1474383970,8,84
1474383980,5,78
1474383990,7,82
1474384000,6,76
1474384010,4,66
1474384020,4,50
1474384030,4,22
1474384041,5,95
1474384051,5,44
1474384061,7,69
1474384071,2,31
1474384081,7,107
1474384091,1,46
1474384101,4,22
1474384111,3,26
1474384121,4,41
1474384131,5,81
1474384141,3,23
1474384151,3,21
1474384161,5,84
1474384171,5,45
1474384181,3,25
1474384191,2,30
1474384201,5,48
1474384211,6,45
1474384221,6,58
1474384231,4,44
1474384241,7,98
1474384251,2,27
1474384261,9,87
1474384271,2,49
1474384281,4,33
1474384291,4,32
1474384301,2,31
1474384311,3,19
1474384321,6,83
1474384331,5,55
1474384341,5,77
1474384351,8,77
1474384361,4,79
1474384371,6,61
1474384381,5,56
1474384391,6,60
1474384401,3,46
1474384411,5,39
1474384421,1,19
1474384431,2,14
1474384441,6,51
1474384451,10,211
1474384461,4,39
1474384471,3,44
1474384481,7,73
1474384491,6,51
1474384501,5,39
1474384511,5,50
1474384521,6,140
1474384531,5,54
1474384541,5,61
1474384551,10,307
1474384561,4,60
1474384571,3,55
1474384581,5,37
1474384591,1,27
1474384601,6,86
1474384611,9,174
1474384621,3,176
1474384631,10,107
1474384641,5,150
1474384651,6,44
1474384661,9,202
1474384671,5,136
1474384681,5,37
1474384691,3,49
1474384701,8,74
1474384711,5,51
1474384721,7,89
1474384731,4,49
1474384741,1,17
1474384751,5,53
1474384761,3,37
1474384771,6,125
1474384781,6,77
1474384791,10,143
1474384801,3,52
1474384811,3,25
1474384821,3,31
1474384831,9,207
1474384841,6,76
1474384851,11,361
1474384861,6,68
1474384871,2,51
1474384881,14,170
1474384891,5,119
1474384901,6,61
1474384911,4,31
1474384921,6,65
1474384931,6,59
1474384941,6,74
1474384951,4,39
1474384961,6,63
1474384971,4,60
1474384981,7,114
1474384991,5,55
1474385001,5,81
1474385011,3,24
1474385021,5,42
1474385031,5,126
1474385041,4,34
1474385051,6,45
1474385061,5,74
1474385071,5,70
1474385081,9,94
1474385091,6,113
1474385102,9,131
1474385112,8,82
1474385122,7,84
1474385132,6,53
1474385142,2,33
1474385152,3,20
1474385162,5,195
1474385172,7,119
1474385182,9,302
1474385192,2,28
1474385202,7,63
1474385212,5,52
1474385222,4,60
1474385232,2,22
1474385242,2,19
1474385252,4,32
1474385262,11,245
1474385272,4,61
1474385282,7,179
1474385292,2,32
1474385302,5,58
1474385312,9,98
1474385322,6,67
1474385332,1,29
1474385342,6,72
1474385352,2,26
1474385362,7,71
1474385372,12,192
1474385382,6,168
1474385392,4,45
1474385402,4,30
1474385412,2,29
1474385422,3,27
1474385432,10,94
1474385442,9,120
1474385452,7,137
1474385462,2,31
1474385472,6,45
1474385482,9,94
1474385492,9,126
1474385502,6,66
1474385512,9,132
1474385522,3,74
1474385532,5,61
1474385542,7,81
1474385552,8,64
1474385562,6,253
1474385572,8,83
1474385582,8,163
1474385592,2,42
1474385602,8,70
1474385612,1,28
1474385622,2,18
1474385632,5,62
1474385642,8,64
1474385652,6,87
1474385662,9,149
1474385672,4,133
1474385682,8,81
1474385692,8,108
1474385702,5,72
1474385712,1,21
1474385722,4,31
1474385732,7,90
1474385742,7,77
1474385752,1,18
1474385762,9,87
1474385772,6,90
1474385782,10,112
1474385792,6,109
1474385802,3,39
1474385812,5,45
1474385822,8,163
1474385832,6,85
1474385842,6,102
1474385852,6,39
1474385862,6,123
1474385872,5,64
1474385882,8,65
1474385892,8,112
1474385902,5,48
1474385912,8,106
1474385922,9,105
1474385932,6,109
1474385942,4,45
1474385952,8,132
1474385962,3,44
1474385972,5,36
1474385982,7,133
1474385992,7,72
1474386002,6,105
1474386012,4,48
1474386022,4,34
1474386032,4,38
1474386042,6,48
1474386052,10,145
1474386062,6,63
1474386072,6,66
1474386082,4,69
1474386092,6,45
1474386102,3,63
1474386112,5,37
1474386123,4,45
1474386133,7,123
1474386143,5,82
1474386153,8,137
1474386163,4,43
1474386173,5,34
1474386183,6,65
1474386193,6,227
1474386203,6,103
1474386213,4,33
1474386223,4,34
1474386233,6,44
1474386243,8,108
1474386253,8,127
1474386263,5,47
1474386273,6,58
1474386283,7,73
1474386293,5,74
1474386303,6,67
1474386313,2,37
1474386323,6,49
1474386333,9,83
1474386343,7,89
1474386353,6,51
1474386363,4,50
1474386373,7,54
1474386383,6,66
1474386393,5,60
1474386403,5,36
1474386413,9,126
1474386423,4,94
1474386433,8,68
1474386443,2,29
1474386453,4,31
1474386463,6,121
1474386473,5,51
1474386483,5,70
1474386493,4,124
1474386503,4,24
1474386513,10,132
1474386523,6,100
1474386533,3,35
1474386543,4,29
1474386553,11,153
1474386563,6,65
1474386573,4,30
1474386583,3,42
1474386593,3,49
1474386603,5,53
1474386613,3,109
1474386623,6,74
1474386633,5,57
1474386643,5,45
1474386653,2,46
1474386663,1,23
1474386673,3,14
1474386683,12,165
1474386693,6,136
1474386703,5,60
1474386713,6,76
1474386723,5,69
1474386733,7,70
1474386743,8,109
1474386753,1,58
1474386763,1,22
1474386773,6,161
1474386783,4,28
1474386793,5,50
1474386803,8,295
1474386813,6,220
1474386823,8,90
1474386833,3,46
1474386843,8,131
1474386853,6,91
1474386863,4,40
1474386873,4,26
1474386883,2,21
1474386893,10,105
1474386903,8,85
1474386913,5,77
1474386923,9,113
1474386933,4,44
1474386943,4,43
1474386953,3,29
1474386963,7,97
1474386973,4,38
1474386983,8,93
1474386993,2,52
1474387003,5,51
1474387013,4,95
1474387023,10,145
1474387033,3,58
1474387043,7,67
1474387053,7,112
1474387063,1,30
1474387073,3,16
1474387083,7,97
1474387093,6,117
1474387103,9,94
1474387113,4,73
1474387123,6,41
1474387133,3,27
1474387143,7,168
1474387154,8,113
1474387164,8,216
1474387174,4,33
1474387184,2,24
1474387194,7,61
1474387204,10,145
1474387214,4,41
1474387224,2,32
1474387234,2,17
1474387244,7,106
1474387254,2,123
1474387264,8,151
1474387274,5,39
1474387284,4,43
1474387294,8,89
1474387304,5,59
1474387314,1,34
1474387324,6,42
1474387334,4,34
1474387344,3,26
1474387354,5,60
1474387364,4,50
1474387374,2,20
1474387384,7,61
1474387394,4,100
1474387404,10,186
1474387414,3,129
1474387424,5,31
1474387434,8,73
1474387444,5,51
1474387454,8,155
1474387464,5,65
1474387474,2,30
1474387484,4,27
1474387494,4,30
1474387504,6,52
1474387514,7,68
1474387524,10,102
1474387534,1,75
1474387544,6,37
1474387554,2,52
1474387564,6,62
1474387574,6,63
1474387584,7,67
1474387594,4,34
1474387604,6,83
1474387614,6,62
1474387624,8,116
1474387634,6,45
1474387644,3,36
1474387654,6,107
1474387664,10,199
1474387674,6,50
1474387684,4,55
1474387694,4,26
1474387704,9,76
1474387714,5,66
1474387724,5,42
1474387734,4,47
1474387744,4,42
1474387754,4,51
1474387764,5,45
1474387774,3,27
1474387784,8,87
1474387794,6,51
1474387804,6,88
1474387814,8,79
1474387824,4,51
1474387834,2,33
1474387844,7,96
1474387854,4,36
1474387864,4,45
1474387874,2,30
1474387884,8,99
1474387894,7,110
1474387904,8,164
1474387914,6,52
1474387924,4,36
1474387934,7,54
1474387944,8,89
1474387954,4,57
1474387964,5,48
1474387974,3,35
1474387984,6,72
1474387994,2,43
1474388004,5,51
1474388014,4,41
1474388024,6,85
1474388034,5,53
1474388044,6,64
1474388054,5,40
1474388064,2,41
1474388074,6,137
1474388084,6,99
1474388094,3,65
1474388104,5,56
1474388114,7,258
1474388124,5,65
1474388134,8,137
1474388144,10,177
1474388154,2,77
1474388164,1,14
1474388174,11,154
1474388184,6,109
1474388195,5,57
1474388205,7,79
1474388215,2,25
1474388225,3,24
1474388235,7,55
1474388245,8,109
1474388255,3,39
1474388265,4,38
1474388275,6,49
1474388285,7,95
1474388295,4,50
1474388305,4,59
1474388315,2,19
1474388325,9,150
1474388335,8,152
1474388345,6,103
1474388355,3,31
1474388365,5,81
1474388375,5,85
1474388385,4,53
1474388395,6,44
1474388405,3,51
1474388415,6,102
1474388425,5,67
1474388435,6,117
1474388445,4,32
1474388455,7,98
1474388465,6,67
1474388475,5,45
1474388485,4,37
1474388495,6,66
1474388505,7,108
1474388515,8,119
1474388525,8,56
1474388535,3,89
1474388545,8,90
1474388555,6,111
1474388565,3,71
1474388575,7,58
1474388585,2,48
1474388595,5,48
1474388605,5,40
1474388615,3,36
1474388625,6,68
1474388635,5,53
1474388645,6,59
1474388655,4,34
1474388665,6,142
1474388675,9,177
1474388685,4,173
1474388695,4,25
1474388705,10,105
1474388715,5,68
1474388725,9,172
1474388735,5,60
1474388745,6,143
1474388755,5,69
1474388765,6,96
1474388775,10,382
1474388785,3,81
1474388795,10,124
1474388805,4,69
1474388815,4,25
1474388825,4,68
1474388835,9,126
1474388845,4,39
1474388855,7,77
1474388865,5,47
1474388875,4,105
1474388885,6,67
1474388895,1,40
1474388905,5,43
1474388915,3,48
1474388925,2,21
1474388935,4,23
1474388945,5,54
1474388955,11,363
1474388965,5,111
1474388975,4,36
1474388985,2,28
1474388995,2,24
1474389005,9,130
1474389015,13,151
1474389025,5,71
1474389035,11,160
1474389045,6,98
1474389055,8,144
1474389065,7,69
1474389075,5,48
1474389085,5,58
1474389095,6,55
1474389105,4,26
1474389115,4,49
1474389125,4,32
1474389135,3,31
1474389145,6,89
1474389155,4,38
1474389165,4,32
1474389175,0,0
1474389185,3,16
1474389195,7,58
1474389205,6,81
1474389215,5,50
1474389226,5,73
1474389236,7,101
1474389246,7,105
1474389256,6,88
1474389266,7,64
1474389276,4,106
1474389286,2,27
1474389296,7,198
1474389306,8,106
1474389316,1,21
1474389326,4,23
1474389336,3,25
1474389346,10,137
1474389356,11,246
1474389366,4,54
1474389376,7,57
1474389386,5,78
1474389396,7,118
1474389406,4,50
1474389416,5,73
1474389426,4,28
1474389436,7,110
1474389446,8,71
1474389456,8,241
1474389466,8,130
1474389476,6,77
1474389486,5,64
1474389496,6,97
1474389506,4,51
1474389516,5,48
1474389526,3,52
1474389536,5,37
1474389546,5,120
1474389556,5,43
1474389566,6,68
1474389576,11,131
1474389586,7,98
1474389596,3,80
1474389606,5,33
1474389616,8,80
1474389626,8,545
1474389636,8,94
1474389646,4,49
1474389656,7,227
1474389666,6,57
1474389676,3,37
1474389686,10,279
1474389696,5,78
1474389706,6,38
1474389716,6,55
1474389726,2,38
1474389736,2,17
1474389746,7,79
1474389756,10,96
1474389766,5,78
1474389776,5,58
1474389786,7,74
1474389796,5,61
1474389806,5,53
1474389816,5,50
1474389826,5,59
1474389836,6,57
1474389846,8,207
1474389856,8,73
1474389866,3,31
1474389876,3,61
1474389886,4,23
1474389896,5,46
1474389906,5,38
1474389916,4,34
1474389926,3,33
1474389936,3,22
1474389946,3,47
1474389956,11,189
1474389966,4,66
1474389976,9,90
1474389986,4,40
1474389996,3,37
1474390006,4,36
1474390016,6,55
1474390026,4,65
1474390036,6,126
1474390046,4,79
1474390056,3,30
1474390066,3,27
1474390076,6,109
1474390086,9,189
1474390096,6,103
1474390106,4,32
1474390116,2,55
1474390126,6,80
1474390136,5,47
1474390146,7,54
1474390156,5,84
1474390166,6,55
1474390176,8,199
1474390186,6,52
1474390196,5,62
1474390206,4,47
1474390216,3,34
1474390226,2,24
1474390236,6,96
1474390246,2,34
1474390256,5,51
1474390267,3,54
1474390277,2,24
1474390287,7,54
1474390297,5,40
1474390307,7,95
1474390317,6,66
1474390327,4,55
1474390337,3,23
1474390347,4,32
1474390357,8,104
1474390367,5,65
1474390377,6,56
1474390387,5,56
1474390397,8,88
1474390407,6,59
1474390417,8,140
1474390427,2,21
1474390437,0,0
1474390447,2,10
1474390457,4,37
1474390467,8,107
1474390477,7,53
1474390487,6,59
1474390497,7,160
1474390507,6,85
1474390517,4,28
1474390527,5,86
1474390537,8,133
1474390547,7,104
1474390557,6,115
1474390567,7,88
1474390577,8,96
1474390587,5,60
1474390597,5,53
1474390607,5,50
1474390617,7,112
1474390627,3,75
1474390637,10,104
1474390647,2,27
1474390657,5,46
1474390667,8,194
1474390677,5,73
1474390687,5,82
1474390697,5,90
1474390707,6,132
1474390717,6,121
1474390727,6,197
1474390737,5,47
1474390747,3,75
1474390757,4,27
1474390767,5,79
1474390777,9,108
1474390787,6,166
1474390797,2,25
1474390807,5,41
1474390817,6,83
1474390827,7,74
1474390837,5,52
1474390847,5,106
1474390857,6,49
1474390867,5,106
1474390877,2,28
1474390887,1,15
1474390897,6,51
1474390907,5,56
1474390917,5,109
1474390927,3,35
1474390937,3,20
1474390947,7,72
1474390957,4,35
1474390967,2,24
1474390977,4,24
1474390987,3,57
1474390997,4,34
1474391007,4,38
1474391017,7,236
1474391027,6,91
1474391037,4,34
1474391047,3,65
1474391057,5,36
1474391067,4,30
1474391077,4,36
1474391087,8,119
1474391097,4,33
1474391107,2,28
1474391117,7,155
1474391127,11,249
1474391137,2,64
1474391147,12,275
1474391157,4,35
1474391167,4,79
1474391177,7,60
1474391187,4,52
1474391197,4,38
1474391207,9,212
1474391217,7,274
1474391227,5,45
1474391237,8,100
1474391247,10,121
1474391257,7,119
1474391267,5,65
1474391277,8,81
1474391287,6,106
1474391297,0,0
1474391307,6,79
1474391318,2,20
1474391328,4,32
1474391338,10,138
1474391348,1,26
1474391358,7,57
1474391368,6,110
1474391378,3,40
1474391388,5,33
1474391398,9,138
1474391408,11,364
1474391418,5,153
1474391428,4,32
1474391438,6,85
1474391448,3,40
1474391458,8,139
1474391468,5,85
1474391478,2,25
1474391488,4,28
1474391498,5,92
1474391508,1,23
1474391518,7,51
1474391528,4,45
1474391538,6,44
1474391548,4,80
1474391558,10,90
1474391568,7,95
1474391578,8,149
1474391588,6,72
1474391598,5,118
1474391608,8,54
1474391618,5,100
1474391628,5,39
1474391638,5,41
1474391648,6,69
1474391658,6,99
1474391668,5,64
1474391678,8,107
1474391688,5,141
1474391698,5,56
1474391708,4,44
1474391718,8,101
1474391728,6,80
1474391738,6,71
1474391748,8,103
1474391758,8,66
1474391768,7,64
1474391778,6,85
1474391788,7,105
1474391798,4,35
1474391808,9,90
1474391818,6,83
1474391828,8,71
1474391838,4,50
1474391848,6,65
1474391858,6,82
1474391868,5,43
1474391878,6,85
1474391888,5,52
1474391898,2,18
1474391908,9,150
1474391918,4,43
1474391928,8,199
1474391938,5,115
1474391948,6,41
1474391958,2,35
1474391968,10,102
1474391978,6,90
1474391988,2,34
1474391998,3,28
1474392008,8,117
1474392018,5,62
1474392028,3,37
1474392038,3,24
1474392048,8,94
1474392058,7,119
1474392068,3,144
1474392078,5,44
1474392088,7,50
1474392098,5,51
1474392108,4,48
1474392118,5,46
1474392128,5,53
1474392138,3,36
1474392148,5,92
1474392158,7,75
1474392168,7,81
1474392178,3,36
1474392188,6,45
1474392198,4,35
1474392208,3,46
1474392218,4,31
1474392228,4,29
1474392238,4,43
1474392248,5,62
1474392258,2,44
1474392268,1,17
1474392278,5,40
1474392288,8,90
1474392298,6,93
1474392308,6,65
1474392318,4,52
1474392328,4,28
1474392338,8,66
1474392348,5,74
1474392359,4,34
1474392369,5,40
1474392379,2,32
1474392389,8,193
1474392399,6,68
1474392409,4,49
1474392419,9,176
1474392429,8,125
1474392439,5,44
1474392449,5,44
1474392459,5,57
1474392469,4,50
1474392479,5,93
1474392489,7,95
1474392499,7,88
1474392509,5,48
1474392519,4,35
1474392529,5,70
1474392539,2,40
1474392549,5,60
1474392559,6,47
1474392569,7,114
1474392579,10,166
1474392589,5,59
1474392599,7,73
1474392609,5,46
1474392619,8,69
1474392629,4,67
1474392639,4,37
1474392649,8,182
1474392659,3,58
1474392669,8,70
1474392679,1,25
1474392689,2,21
1474392699,7,122
1474392709,4,73
1474392719,3,27
1474392729,3,20
1474392739,2,23
1474392749,5,45
1474392759,8,87
1474392769,3,46
1474392779,7,61
1474392789,6,84
1474392799,5,43
1474392809,2,55
1474392819,5,54
1474392829,10,216
1474392839,1,27
1474392849,4,31
1474392859,4,38
1474392869,6,55
1474392879,6,78
1474392889,5,78
1474392899,4,30
1474392909,3,109
1474392919,4,25
1474392929,4,39
1474392939,6,35
1474392949,4,67
1474392959,2,23
1474392969,6,55
1474392979,6,72
1474392989,4,31
1474392999,3,35
1474393009,3,24
1474393019,2,23
1474393029,6,62
1474393039,4,79
1474393049,5,90
1474393059,8,202
1474393069,8,132
1474393079,7,51
1474393089,2,44
1474393099,5,45
1474393109,4,68
1474393119,1,15
1474393129,5,121
1474393139,6,45
1474393149,5,58
1474393159,4,45
1474393169,4,46
1474393179,9,153
1474393189,6,124
1474393199,5,59
1474393209,6,68
1474393219,7,80
1474393229,2,29
1474393239,2,19
1474393249,7,111
1474393259,7,248
1474393269,3,48
1474393279,9,278
1474393289,4,55
1474393299,3,26
1474393309,6,95
1474393319,7,132
1474393329,8,192
1474393339,8,68
1474393349,7,119
1474393359,4,56
1474393369,7,73
1474393379,4,30
1474393390,5,75
1474393400,4,65
1474393410,1,22
1474393420,4,20
1474393430,2,23
1474393440,7,75
1474393450,4,40
1474393460,6,52
1474393470,6,92
1474393480,6,96
1474393490,5,42
1474393500,4,40
1474393510,6,62
1474393520,3,47
1474393530,6,47
1474393540,5,51
1474393550,3,33
1474393560,6,67
1474393570,6,105
1474393580,4,65
1474393590,4,38
1474393600,7,66
1474393610,4,53
1474393620,7,101
1474393630,12,148
1474393640,6,56
1474393650,6,79
1474393660,7,66
1474393670,5,72
1474393680,4,30
1474393690,6,61
1474393700,1,28
1474393710,2,18
1474393720,7,88
1474393730,10,193
1474393740,6,73
1474393750,4,31
1474393760,4,64
1474393770,4,26
1474393780,7,106
1474393790,6,138
1474393800,6,64
1474393810,7,69
1474393820,2,45
1474393830,8,140
1474393840,4,66
1474393850,5,46
1474393860,3,76
1474393870,5,66
1474393880,6,44
1474393890,6,49
1474393900,6,52
1474393910,7,74
1474393920,4,30
1474393930,3,53
1474393940,4,24
1474393950,4,33
1474393960,9,124
1474393970,7,60
1474393980,2,37
1474393990,5,49
1474394000,6,108
1474394010,1,23
1474394020,12,205
1474394030,7,63
1474394040,4,49
1474394050,4,41
1474394060,5,38
1474394070,4,42
1474394080,5,56
1474394090,3,26
1474394100,4,32
1474394110,8,92
1474394120,2,32
1474394130,9,168
1474394140,3,36
1474394150,8,112
1474394160,2,40
1474394170,7,52
1474394180,2,36
1474394190,4,28
1474394200,5,36
1474394210,4,43
1474394220,5,44
1474394230,6,50
1474394240,7,172
1474394250,4,31
1474394260,4,54
1474394270,3,36
1474394280,4,43
1474394290,8,87
1474394300,4,39
1474394310,5,55
1474394320,1,34
1474394330,8,129
1474394340,5,91
1474394350,4,40
1474394360,5,73
1474394370,4,34
1474394380,7,82
1474394390,4,45
1474394400,3,27
1474394410,5,37
1474394420,5,76
1474394431,7,54
1474394441,3,46
1474394451,4,37
1474394461,6,226
1474394471,5,40
1474394481,7,72
1474394491,6,60
1474394501,4,80
1474394511,6,47
1474394521,4,50
1474394531,5,115
1474394541,4,54
1474394551,6,117
1474394561,8,88
1474394571,4,32
1474394581,5,153
1474394591,11,98
1474394601,2,28
1474394611,3,25
1474394621,9,91
1474394631,4,57
1474394641,8,107
1474394651,5,57
1474394661,3,26
1474394671,6,43
1474394681,4,51
1474394691,4,38
1474394701,5,42
1474394711,12,121
1474394721,3,99
1474394731,6,46
1474394741,3,71
1474394751,2,20
1474394761,2,18
1474394771,3,27
1474394781,8,213
1474394791,7,139
1474394801,1,32
1474394811,3,21
1474394821,4,29
1474394831,3,32
1474394841,10,127
1474394851,4,70
1474394861,10,222
1474394871,9,299
1474394881,3,36
1474394891,5,38
1474394901,4,81
1474394911,5,49
1474394921,8,58
1474394931,5,115
1474394941,5,131
1474394951,4,25
1474394961,7,150
1474394971,3,24
1474394981,1,14
1474394991,8,165
1474395001,9,88
1474395011,4,76
1474395021,7,63
1474395031,6,162
1474395041,4,41
1474395051,0,0
1474395061,6,49
1474395071,7,106
1474395081,4,41
1474395091,2,21
1474395101,5,50
1474395111,4,31
1474395121,4,57
1474395131,10,155
1474395141,5,58
1474395151,9,134
1474395161,7,104
1474395171,6,145
1474395181,4,131
1474395191,6,69
1474395201,5,61
1474395211,9,72
1474395221,3,51
1474395231,10,149
1474395241,8,114
1474395251,9,90
1474395261,6,71
1474395271,8,156
1474395281,7,139
1474395291,10,249
1474395301,8,65
1474395311,6,101
1474395321,6,56
1474395331,2,34
1474395341,10,151
1474395351,4,55
1474395361,7,81
1474395371,7,57
1474395381,4,50
1474395391,6,125
1474395401,6,103
1474395411,2,24
1474395421,5,39
1474395431,2,57
1474395441,5,65
1474395452,9,86
1474395462,8,136
1474395472,5,55
1474395482,3,41
1474395492,9,179
1474395502,6,119
1474395512,2,37
1474395522,4,44
1474395532,2,22
1474395542,5,37
1474395552,5,80
1474395562,8,56
1474395572,6,139
1474395582,8,74
1474395592,5,95
1474395602,8,145
1474395612,4,98
1474395622,6,56
1474395632,8,61
1474395642,3,47
1474395652,2,18
1474395662,6,63
1474395672,10,99
1474395682,7,104
1474395692,8,83
1474395702,3,73
1474395712,9,104
1474395722,6,65
1474395732,5,158
1474395742,4,27
1474395752,5,47
1474395762,4,33
1474395772,3,37
1474395782,8,83
1474395792,1,28
1474395802,5,37
1474395812,4,30
1474395822,6,77
1474395832,5,55
1474395842,9,130
1474395852,7,89
1474395862,3,41
1474395872,6,88
1474395882,5,41
1474395892,3,37
1474395902,7,73
1474395912,3,32
1474395922,5,60
1474395932,7,73
1474395942,4,50
1474395952,3,27
1474395962,4,67
1474395972,6,77
1474395982,2,27
1474395992,8,153
1474396002,2,62
1474396012,5,41
1474396022,4,38
1474396032,7,52
1474396042,4,43
1474396052,6,83
1474396062,5,76
1474396072,5,61
1474396082,9,91
1474396092,5,74
1474396102,6,63
1474396112,4,49
1474396122,2,23
1474396132,7,165
1474396142,3,40
1474396152,10,108
1474396162,8,97
1474396172,4,83
1474396182,4,38
1474396192,7,104
1474396202,2,47
1474396212,7,139
1474396222,5,43
1474396232,8,109
1474396242,5,139
1474396252,2,22
1474396262,3,19
1474396272,5,45
1474396282,7,70
1474396292,11,100
1474396302,9,108
1474396312,6,78
1474396322,7,80
1474396332,6,57
1474396342,9,96
1474396352,7,130
1474396362,3,33
1474396372,5,55
1474396382,4,26
1474396392,8,94
1474396402,9,124
1474396412,4,54
1474396422,6,54
1474396432,5,51
1474396442,3,24
1474396452,7,57
1474396463,3,36
1474396473,7,52
1474396483,6,59
1474396493,2,35
1474396503,11,140
1474396513,4,63
1474396523,5,34
1474396533,4,38
1474396543,10,83
1474396553,8,193
1474396563,8,96
1474396573,2,23
1474396583,7,102
1474396593,8,93
1474396603,5,73
1474396613,7,99
1474396623,3,41
1474396633,4,38
1474396643,7,66
1474396653,9,273
1474396663,9,93
1474396673,5,61
1474396683,4,34
1474396693,3,52
1474396703,4,29
1474396713,2,21
1474396723,7,61
1474396733,5,46
1474396743,6,83
1474396753,0,0
1474396763,3,18
1474396773,4,24
1474396783,6,52
1474396793,4,50
1474396803,2,33
1474396813,7,138
1474396823,6,53
1474396833,6,97
1474396843,8,94
1474396853,7,91
1474396863,7,103
1474396873,4,71
1474396883,7,72
1474396893,7,63
1474396903,3,49
1474396913,5,53
1474396923,6,46
1474396933,3,49
1474396943,7,130
1474396953,6,110
1474396963,4,74
1474396973,11,182
1474396983,3,75
1474396993,7,67
1474397003,7,75
1474397013,6,131
1474397023,10,107
1474397033,5,49
1474397043,2,38
1474397053,6,39
1474397063,10,108
1474397073,3,125
1474397083,5,35
1474397093,6,57
1474397103,4,69
1474397113,4,30
1474397123,4,30
1474397133,6,42
1474397143,4,76
1474397153,6,53
1474397163,7,123
1474397173,6,58
1474397183,5,52
1474397193,1,44
1474397203,2,15
1474397213,3,22
1474397223,5,81
1474397233,4,60
1474397243,2,33
1474397253,2,19
1474397263,7,41
1474397273,9,178
1474397283,4,83
1474397293,5,51
1474397303,3,58
1474397313,6,52
1474397323,4,69
1474397333,6,98
1474397343,4,34
1474397353,4,36
1474397363,7,76
1474397373,3,33
1474397383,5,44
1474397393,7,384
1474397403,4,30
1474397413,6,66
1474397423,5,97
1474397433,4,69
1474397443,4,29
1474397453,5,34
1474397463,7,60
1474397473,6,72
1474397483,6,289
1474397493,8,167
1474397503,2,28
1474397514,4,32
1474397524,5,64
1474397534,2,45
1474397544,4,59
1474397554,7,77
1474397564,4,43
1474397574,6,58
1474397584,8,108
1474397594,1,26
1474397604,7,45
1474397614,7,82
1474397624,2,21
1474397634,6,83
1474397644,2,34
1474397654,7,54
1474397664,4,48
1474397674,9,98
1474397684,2,44
1474397694,5,55
1474397704,8,153
1474397714,3,39
1474397724,7,77
1474397734,9,85
1474397744,5,74
1474397754,8,61
1474397764,9,133
1474397774,4,29
1474397784,2,44
1474397794,4,20
1474397804,4,48
1474397814,7,51
1474397824,2,39
1474397834,5,56
1474397844,5,49
1474397854,5,46
1474397864,10,90
1474397874,6,61
1474397884,5,104
1474397894,2,35
1474397904,4,27
1474397914,4,40
1474397924,9,94
1474397934,7,95
1474397944,8,93
1474397954,4,64
1474397964,7,102
1474397974,7,59
1474397984,6,126
1474397994,1,28
1474398004,6,60
1474398014,8,262
1474398024,3,23
1474398034,7,60
1474398044,8,95
1474398054,3,58
1474398064,6,95
1474398074,3,39
1474398084,9,165
1474398094,7,93
1474398104,5,40
1474398114,3,69
1474398124,10,260
1474398134,7,125
1474398144,6,136
1474398154,8,133
1474398164,2,69
1474398174,4,24
1474398184,4,37
1474398194,8,188
1474398204,3,46
1474398214,5,36
1474398224,5,43
1474398234,6,56
1474398244,5,69
1474398254,3,66
1474398264,4,17
1474398274,2,65
1474398284,3,24
1474398294,10,109
1474398304,3,44
1474398314,5,39
1474398324,6,72
1474398334,6,86
1474398344,8,237
1474398354,7,137
1474398364,3,54
1474398374,8,93
1474398384,3,42
1474398394,5,54
1474398404,6,100
1474398414,4,33
1474398424,5,44
1474398434,7,62
1474398444,5,61
1474398454,3,25
1474398464,8,89
1474398474,3,46
1474398484,5,48
1474398494,5,46
1474398504,5,64
1474398514,1,20
1474398524,7,69
1474398535,4,46
1474398545,4,54
1474398555,5,44
1474398565,5,61
1474398575,6,68
1474398585,3,60
1474398595,2,16
1474398605,7,82
1474398615,9,82
1474398625,6,64
1474398635,6,104
1474398645,4,68
1474398655,7,50
1474398665,5,131
1474398675,9,178
1474398685,2,83
1474398695,2,28
1474398705,10,155
1474398715,4,47
1474398725,6,70
1474398735,6,71
1474398745,7,109
1474398755,4,28
1474398765,3,44
1474398775,5,36
1474398785,5,47
1474398795,6,139
1474398805,4,47
1474398815,4,23
1474398825,1,35
1474398835,7,88
1474398845,4,65
1474398855,2,35
1474398865,3,18
1474398875,7,110
1474398885,9,142
1474398895,6,91
1474398905,8,91
1474398915,4,45
1474398925,6,59
1474398935,5,45
1474398945,5,44
1474398955,6,56
1474398965,6,53
1474398975,9,192
1474398985,5,77
1474398995,3,26
1474399005,5,49
1474399015,3,36
1474399025,6,57
1474399035,6,106
1474399045,0,0
1474399055,2,15
1474399065,7,114
1474399075,5,51
1474399085,2,29
1474399095,5,39
1474399105,4,33
1474399115,6,58
1474399125,7,111
1474399135,8,96
1474399145,4,34
1474399155,6,69
1474399165,3,34
1474399175,7,83
1474399185,3,36
1474399195,2,17
1474399205,3,45
1474399215,7,103
1474399225,4,46
1474399235,4,63
1474399245,5,90
1474399255,4,38
1474399265,4,34
1474399275,3,34
1474399285,6,77
1474399295,4,39
1474399305,4,38
1474399315,11,133
1474399325,7,77
1474399335,6,120
1474399345,6,102
1474399355,4,50
1474399365,5,43
1474399375,3,30
1474399385,4,33
1474399395,7,83
1474399405,4,37
1474399415,8,54
1474399425,1,56
1474399435,4,21
1474399445,6,84
1474399455,5,36
1474399465,5,82
1474399475,5,48
1474399485,4,58
1474399495,4,29
1474399505,5,49
1474399515,4,37
1474399525,4,35
1474399535,4,42
1474399545,4,33
1474399555,6,53
1474399565,6,89
1474399576,8,123
1474399586,2,24
1474399596,5,33
1474399606,4,44
1474399616,5,43
1474399626,5,60
1474399636,4,51
1474399646,9,183
1474399656,5,67
1474399666,5,44
1474399676,6,84
1474399686,8,104
1474399696,11,316
1474399706,6,52
1474399716,6,80
1474399726,7,72
1474399736,2,33
1474399746,5,44
1474399756,4,33
1474399766,7,101
1474399776,6,97
1474399786,6,84
1474399796,4,39
1474399806,6,121
1474399816,4,46
1474399826,6,64
1474399836,4,86
1474399846,6,66
1474399856,3,28
1474399866,6,142
1474399876,6,64
1474399886,3,30
1474399896,6,142
1474399906,6,58
1474399916,4,39
1474399926,1,31
1474399936,5,36
1474399946,3,35
1474399956,3,24
1474399966,6,102
1474399976,5,66
1474399986,4,50
1474399996,9,180
1474400006,5,55
1474400016,6,45
1474400026,4,55
1474400036,5,54
1474400046,5,58
1474400056,3,45
1474400066,4,34
1474400076,9,118
1474400086,1,22
1474400096,3,22
1474400106,7,61
1474400116,5,46
1474400126,7,68
1474400136,4,68
1474400146,4,48
1474400156,4,23
1474400166,5,65
1474400176,12,176
1474400186,6,233
1474400196,5,50
1474400206,5,62
1474400216,7,217
1474400226,6,169
1474400236,6,54
1474400246,8,110
1474400256,7,79
1474400266,1,31
1474400276,8,63
1474400286,5,175
1474400296,5,61
1474400306,2,30
1474400316,4,19
1474400326,2,19
1474400336,5,35
1474400346,3,36
1474400356,3,24
1474400366,2,23
1474400376,5,52
1474400386,4,37
1474400396,6,71
1474400406,5,90
1474400416,13,172
1474400426,2,103
1474400436,6,64
1474400446,6,65
1474400456,6,70
1474400466,6,58
1474400476,4,35
1474400486,5,42
1474400496,4,31
1474400506,5,83
1474400516,2,39
1474400526,6,72
1474400536,4,39
1474400546,2,37
1474400556,6,68
1474400566,6,63
1474400576,6,54
1474400586,3,54
1474400596,5,62
1474400607,4,44
1474400617,7,100
1474400627,4,39
1474400637,4,30
1474400647,2,21
1474400657,4,29
1474400667,2,33
1474400677,5,58
1474400687,3,26
1474400697,2,28
1474400707,8,80
1474400717,6,48
1474400727,11,370
1474400737,4,103
1474400747,6,83
1474400757,6,65
1474400767,2,35
1474400777,3,18
1474400787,8,80
1474400797,4,65
1474400807,8,153
1474400817,10,177
1474400827,4,111
1474400837,2,24
1474400847,5,30
1474400857,6,66
1474400867,3,34
1474400877,6,86
1474400887,2,26
1474400897,9,121
1474400907,6,81
1474400917,4,36
1474400927,4,70
1474400937,8,68
1474400947,5,62
1474400957,4,36
1474400967,10,102
1474400977,5,101
1474400987,5,56
1474400997,5,66
1474401007,3,51
1474401017,3,26
1474401027,4,30
1474401037,3,21
1474401047,4,34
1474401057,5,48
1474401067,4,43
1474401077,5,44
1474401087,10,290
1474401097,5,53
1474401107,8,105
1474401117,4,33
1474401127,8,124
1474401137,5,51
1474401147,5,67
1474401157,6,111
1474401167,6,54
1474401177,5,85
1474401187,4,34
1474401197,2,24
1474401207,2,21
1474401217,2,19
1474401227,2,12
1474401237,7,123
1474401247,3,81
1474401257,4,27
1474401267,5,34
1474401277,5,58
1474401287,5,78
1474401297,2,32
1474401307,7,75
1474401317,1,47
1474401327,7,41
1474401337,7,236
1474401347,2,34
1474401357,4,23
1474401367,5,53
1474401377,8,62
1474401387,4,39
1474401397,7,91
1474401407,4,50
1474401417,6,51
1474401427,7,82
1474401437,4,78
1474401447,6,270
1474401457,11,419
1474401467,3,57
1474401477,5,39
1474401487,3,21
1474401497,5,93
1474401507,4,25
1474401517,6,72
1474401527,7,81
1474401537,2,24
1474401547,4,40
1474401557,7,94
1474401567,3,22
1474401577,5,49
1474401587,9,111
1474401597,6,81
1474401607,4,52
1474401617,6,98
1474401627,6,55
1474401637,6,100
1474401647,3,32
1474401657,3,31
1474401668,2,28
1474401678,5,35
1474401688,5,56
1474401698,6,82
1474401708,3,29
1474401718,9,98
1474401728,6,72
1474401738,3,39
1474401748,7,79
1474401758,5,55
1474401768,2,37
1474401778,3,20
1474401788,10,137
1474401798,6,99
1474401808,3,33
1474401818,4,26
1474401828,1,22
1474401838,7,64
1474401848,3,85
1474401858,4,52
1474401868,3,33
1474401878,2,17
1474401888,2,14
1474401898,8,67
1474401908,7,62
1474401918,6,59
1474401928,3,41
1474401938,7,67
1474401948,3,40
1474401958,7,52
1474401968,4,67
1474401978,3,29
1474401988,4,28
1474401998,5,54
1474402008,5,38
1474402018,4,46
1474402028,5,48
1474402038,4,37
1474402048,7,71
1474402058,4,67
1474402068,7,63
1474402078,8,142
1474402088,5,65
1474402098,3,26
1474402108,8,74
1474402118,8,92
1474402128,5,117
1474402138,3,38
1474402148,6,112
1474402158,6,50
1474402168,3,60
1474402178,1,21
1474402188,0,0
1474402198,14,266
1474402208,6,67
1474402218,2,58
1474402228,2,24
1474402238,4,19
1474402248,3,47
1474402258,4,36
1474402268,7,90
1474402278,4,33
1474402288,2,24
1474402298,6,52
1474402308,3,26
1474402318,6,59
1474402328,4,37
1474402338,2,24
1474402348,5,38
1474402358,6,55
1474402368,6,79
1474402378,5,67
1474402388,8,99
1474402398,3,54
1474402408,3,34
1474402418,7,58
1474402428,5,82
1474402438,5,45
1474402448,6,57
1474402458,2,24
1474402468,4,33
1474402478,6,223
1474402488,5,43
1474402498,3,50
1474402508,4,30
1474402518,3,31
1474402528,4,33
1474402538,7,296
1474402548,7,379
1474402558,4,61
1474402568,4,35
1474402578,8,89
1474402588,5,56
1474402598,6,49
1474402608,2,55
1474402618,5,36
1474402628,3,49
1474402638,7,77
1474402648,4,97
1474402658,3,27
1474402668,5,80
1474402678,1,24
1474402688,5,51
1474402698,4,45
1474402708,8,111
1474402718,4,96
1474402728,3,28
1474402738,1,17
1474402749,5,45
1474402759,8,105
1474402769,7,67
1474402779,6,95
1474402789,6,59
1474402799,7,58
1474402809,10,119
1474402819,6,75
1474402829,4,111
1474402839,4,25
1474402849,3,57
1474402859,4,28
1474402869,3,25
1474402879,4,35
1474402889,8,71
1474402899,3,52
1474402909,5,32
1474402919,9,107
1474402929,7,80
1474402939,8,220
1474402949,4,38
1474402959,5,55
