CLICKS, MaxCPM5
3,87.1333
3,37.8215
4,20.0200
0,0.0000
4,17.3883
5,55.2384
6,60.7533
10,99.9001
8,280.3739
9,151.6683
6,69.5088
3,40.7498
4,31.2761
4,36.0317
8,63.5997
3,36.5631
9,87.0827
8,124.1208
6,50.9857
3,34.3446
4,30.3951
2,31.7326
6,70.8550
8,98.5545
10,116.6408
9,309.5975
6,56.5824
9,107.3345
2,28.7246
6,112.9093
7,69.3161
8,146.1988
3,59.0087
6,49.4886
4,125.3133
6,67.5219
6,60.6796
2,35.2817
6,75.1503
5,96.1230
7,44.7895
7,74.2758
2,43.6681
3,25.1319
7,145.9854
7,157.9779
9,119.3792
4,52.6685
8,67.8580
6,66.0793
2,42.7350
8,170.0680
1,63.1180
8,74.0558
5,62.3571
5,94.8467
8,102.5641
3,44.9977
8,90.9918
7,97.2447
5,72.4288
6,49.2935
3,27.2109
9,142.8571
2,70.2083
6,47.9310
8,87.4381
5,184.5018
5,42.1467
3,31.8742
8,120.1923
8,278.0352
7,98.1033
7,50.4117
8,195.6947
5,74.4417
6,48.4809
7,54.9249
9,93.3998
10,90.1172
2,138.1852
11,296.1501
2,66.4158
7,146.3415
5,73.3138
4,50.6073
6,69.2042
4,112.0657
4,37.6364
5,50.2765
7,104.8584
8,72.7979
7,72.5514
4,54.9753
5,43.5603
7,119.3317
6,80.6018
3,33.0651
10,117.8782
3,93.6330
7,46.8238
7,102.0408
7,64.3639
6,104.8218
7,100.7388
5,71.7360
4,40.0213
5,140.5152
13,369.0037
6,153.4527
6,70.6880
6,122.0008
4,32.4044
7,52.2557
8,132.3919
1,54.7745
9,188.2058
8,72.1674
5,172.9107
5,50.8992
12,150.8296
4,53.0879
7,68.9338
2,112.9518
4,27.0368
6,78.4109
5,41.5973
5,59.4766
2,40.0267
4,24.6326
8,171.9198
3,43.9560
8,91.2686
9,85.1547
4,35.9540
7,98.7167
4,45.0180
6,80.4937
7,83.7755
3,46.8019
8,107.6426
6,81.1469
5,48.6460
12,183.2621
5,94.6372
4,25.9359
5,61.7157
9,101.7984
5,57.3175
4,60.0721
7,154.7988
3,30.7692
8,84.5309
7,68.2749
5,184.0491
2,27.8940
4,27.1444
4,67.8887
9,180.9409
4,42.8878
6,72.9040
6,62.6305
5,80.1282
1,24.8859
6,42.7472
6,83.4957
4,62.2019
1,28.9436
8,124.0182
5,75.0751
4,32.0307
6,77.5795
4,45.0789
4,44.4510
9,76.7067
6,81.4775
6,112.0657
8,93.4871
3,49.2449
8,77.5795
9,76.2583
4,87.8735
6,91.7431
5,38.9307
7,96.0923
10,272.2323
6,121.5559
6,58.3658
4,45.2762
6,43.2838
6,59.9520
5,144.3696
6,73.9827
8,88.8362
7,69.8812
6,159.1512
3,35.1453
4,34.3289
5,34.1530
5,46.5188
6,46.7873
3,63.5055
4,28.6451
5,42.9923
7,76.8837
4,63.9659
9,144.9976
3,40.0641
10,271.9855
5,53.2576
6,81.0154
6,63.4384
7,62.5261
5,56.7752
3,19.8491
7,85.2757
7,630.2521
3,26.1506
8,105.3371
9,75.4717
7,104.2029
8,136.0544
7,111.0289
6,58.8120
3,23.1535
3,69.1722
8,134.3484
6,68.5871
7,62.3182
7,70.8550
4,60.7533
5,39.8459
5,67.9194
5,43.8853
8,168.0672
7,69.3802
4,56.2957
8,169.6833
5,83.5887
6,60.9385
3,43.4846
10,79.0097
3,55.3403
4,27.5837
7,85.8861
5,100.6374
4,68.2594
4,26.8240
4,49.7018
4,34.7383
7,97.0246
6,112.8668
6,68.0890
6,59.6896
4,35.9755
4,40.6835
6,112.3175
6,77.7001
3,61.6143
4,20.4471
4,43.2651
4,48.0000
4,33.4859
3,26.0236
4,42.1408
2,21.1834
3,24.3526
3,39.4893
3,23.0256
7,92.3361
8,81.6549
3,42.6257
2,22.1239
2,16.6806
9,111.7735
1,52.6316
3,18.7888
8,180.1802
6,54.1126
6,96.9619
3,43.9754
10,142.3825
6,135.9311
7,102.4240
3,28.3233
5,67.3703
3,31.7662
9,92.3077
2,31.4037
7,60.7165
9,121.9512
4,37.1058
7,82.1243
5,73.8371
5,58.5480
7,597.6096
2,36.8641
5,42.6136
4,36.5408
9,124.1722
10,356.2945
2,31.0495
8,77.4393
7,75.2445
7,99.1408
7,116.9591
4,25.6805
9,160.2564
4,53.9957
4,42.5351
10,93.4288
2,40.1284
6,40.0481
6,108.5384
7,71.9770
5,52.8448
1,19.6528
1,13.9743
4,26.8408
5,50.5561
6,51.2120
7,80.7754
9,180.6141
4,41.9463
6,85.1547
12,446.4286
7,92.2226
6,213.8275
8,118.3899
7,78.9889
6,66.2544
3,35.8509
3,35.4149
7,53.7249
6,56.4334
5,64.6552
11,102.9866
6,70.0935
7,101.0782
5,39.2979
5,63.3312
4,24.4260
1,49.7265
2,22.0151
5,36.6659
10,106.2699
2,48.4809
2,21.4562
6,42.6197
5,58.9159
8,97.6881
4,70.5716
8,90.9091
8,187.2659
2,27.6906
5,47.1550
3,29.4522
11,151.9757
7,147.4926
5,40.6890
6,69.5088
9,316.1222
5,52.1286
3,35.2237
7,180.8318
2,46.3965
12,205.3388
3,46.2677
1,15.6193
6,51.9751
9,91.6590
8,147.5652
9,140.2525
4,64.7948
2,29.6004
1,15.0633
6,141.5762
5,81.2128
7,63.9250
6,57.2192
4,41.8118
5,46.8750
3,44.6961
4,28.1664
7,233.6449
5,97.3078
4,30.4291
7,133.3926
8,83.3565
3,37.2301
2,21.4240
3,35.8852
8,117.0047
3,35.5830
5,43.0416
7,90.1713
5,42.7290
5,47.9616
7,75.8150
5,238.2843
6,36.4254
6,72.0461
7,90.8265
2,49.7595
13,207.1823
3,53.2860
7,76.4331
5,56.8720
3,33.7192
4,31.7528
10,100.9761
6,65.5451
4,54.6946
6,59.7372
6,77.2201
3,42.4689
3,22.3065
6,60.6673
6,57.1102
8,122.3491
10,323.9741
4,48.8122
7,88.9944
4,43.2464
5,76.7263
3,58.8582
1,24.8057
8,150.8296
8,146.3415
8,164.9258
2,37.2255
5,33.6511
6,148.4414
6,82.8958
2,47.8774
3,21.1805
7,90.7167
4,46.8897
3,35.3066
4,28.3500
4,44.5831
6,78.8436
6,50.3356
7,69.0290
5,71.7875
5,37.3274
3,26.6453
2,39.0066
5,39.3752
4,31.2305
12,291.2622
5,92.3645
9,70.5053
9,118.2033
9,180.6141
5,68.1044
4,31.9353
6,78.6164
8,113.8520
6,50.1505
5,98.2318
3,22.9779
5,58.7889
3,75.2257
8,69.5572
6,102.2495
5,56.0853
6,77.2201
7,64.5439
8,74.8130
6,119.0476
6,51.8583
4,46.6345
2,24.6589
7,72.7802
5,79.6813
8,100.1001
4,49.2611
6,132.9198
8,132.1586
7,67.7507
4,76.6675
4,30.1235
6,68.6028
4,65.1042
7,92.3077
6,87.5146
5,39.8301
9,79.8085
11,160.3421
6,78.3290
4,30.6937
7,68.3527
9,106.7236
7,118.4834
5,47.9846
3,33.5495
9,69.2042
5,48.1078
1,24.4300
7,94.7568
4,42.7960
2,28.1558
4,22.8311
6,68.0890
6,127.1186
5,118.6709
7,80.7320
6,59.5474
8,58.7544
6,121.1632
3,30.2145
3,31.8438
3,19.1192
7,58.1508
4,46.0123
6,46.4396
3,37.6932
7,55.4836
5,94.6671
5,40.8163
7,59.0435
3,48.8202
6,47.4458
6,77.7404
5,50.7185
2,32.5027
11,228.4844
1,33.6097
6,43.3965
4,31.1010
6,76.9626
3,31.3808
7,61.4376
2,46.7654
5,53.7634
9,180.6141
2,23.9425
6,98.0392
4,28.0112
6,154.0832
3,27.3873
7,159.8295
6,113.1648
4,27.7649
7,83.7521
4,41.9346
8,57.6812
2,87.4891
4,41.1184
5,89.3655
2,27.9903
1,14.9507
3,24.3902
6,53.8213
8,89.2857
5,80.9717
4,67.6590
11,141.6431
8,69.0290
7,168.9189
8,85.1064
5,93.8086
7,65.8039
8,143.5407
8,68.2594
4,124.1722
4,25.8042
5,135.5626
5,64.1849
3,37.8406
4,27.0003
2,42.1882
3,22.5564
12,209.6436
5,171.1352
5,43.8340
5,46.4396
4,33.8562
5,44.9236
2,41.1128
9,116.0991
6,75.1691
2,33.0433
2,17.6502
6,57.1973
4,52.0653
4,28.5714
3,45.7736
4,27.4826
6,38.9813
7,180.6141
1,32.0273
7,210.0840
7,235.6638
7,68.0272
8,128.5898
3,100.2339
6,66.2837
11,148.8834
8,131.5213
2,44.1241
3,18.1895
14,191.0828
7,83.7521
7,66.6963
12,132.3919
4,54.6847
2,40.7221
4,22.8033
7,104.8584
7,50.0668
7,94.9367
3,39.3185
3,30.1447
4,30.6310
3,33.5008
4,40.6064
5,64.5995
5,49.3178
4,35.9842
7,130.7189
6,189.0359
5,59.1133
3,28.2459
4,31.2142
7,50.5306
5,59.6777
4,30.3183
6,60.4108
11,289.8551
7,88.1316
7,78.1657
5,51.4403
4,31.9864
6,109.5690
5,45.8295
10,195.6947
9,211.1189
9,81.5217
7,72.1154
6,62.8141
8,87.8220
8,70.4225
4,63.1313
5,95.1777
8,115.0748
5,66.4011
5,59.1366
10,202.9770
10,180.5054
6,72.3066
6,97.9112
1,25.0815
5,54.9753
7,97.2132
5,62.8404
5,114.4601
7,55.1065
6,79.7236
7,101.6260
5,50.9597
4,29.6004
12,261.0966
7,125.6281
3,55.2995
8,141.1765
2,30.4476
8,84.1515
8,78.1250
4,59.1483
6,77.6197
5,145.5604
4,34.2114
4,38.1098
2,23.4650
6,211.8644
7,100.7049
3,79.0306
5,85.3728
3,52.8914
6,52.8169
9,88.6001
4,32.8012
2,45.9770
6,42.8204
5,54.6548
4,52.0924
6,52.6685
6,81.3670
4,43.2713
6,78.6164
6,56.3486
1,19.6425
4,27.1174
2,37.2902
2,13.7931
3,39.9361
3,27.3498
6,63.2244
5,45.9207
12,166.6667
1,117.1417
3,19.5707
6,119.0949
5,45.9348
5,55.6483
7,51.5641
8,124.1208
7,120.2887
7,73.6377
7,92.4499
6,54.8847
7,81.7216
5,52.0201
3,50.2176
7,146.9868
5,44.4313
8,211.4165
6,58.6969
12,123.5585
4,69.1244
4,32.2615
6,47.7403
6,62.1375
6,65.8039
5,91.6310
3,30.1629
5,47.1254
3,38.0759
7,57.0234
9,135.9927
9,505.9022
10,137.4256
7,110.7011
7,56.6145
8,348.8372
9,201.6129
4,45.2352
7,91.9118
4,80.8407
5,57.1537
3,42.2357
4,27.4348
4,38.3387
11,139.2111
7,98.7492
6,111.3586
4,40.3009
4,42.5894
0,0.0000
5,46.0759
3,35.1247
5,39.7404
3,24.2131
6,217.7068
9,179.5332
8,110.4566
5,54.6946
2,33.9175
8,99.6347
7,86.9061
5,45.9911
4,42.6985
7,65.4736
9,152.2843
7,92.4784
2,28.1320
8,74.5527
6,86.7303
8,171.3307
6,134.8315
6,58.1170
5,45.9067
4,65.6312
2,27.6370
7,95.2683
6,81.6994
1,31.5159
3,17.0222
8,112.0657
3,67.3099
6,63.5459
4,29.4291
4,61.3748
3,29.6062
6,154.6392
7,98.4575
6,52.9474
5,46.2321
7,86.1079
3,37.0416
1,15.5023
3,17.1233
2,17.3621
5,51.6618
4,42.7655
9,85.6898
3,76.4526
5,46.8604
4,58.6052
5,79.5756
6,147.8561
6,68.6656
4,40.1123
7,132.8021
5,64.7808
4,53.3523
4,31.4861
6,117.4628
6,46.1609
7,88.4173
4,34.0097
4,40.3986
2,29.0276
6,52.5394
5,36.2582
6,54.7445
4,79.4071
3,27.4148
8,209.7902
5,98.9120
5,38.9055
4,35.5872
1,19.9322
7,60.6673
5,59.2183
5,61.6650
4,34.1103
3,28.4468
5,109.0909
1,20.9629
2,16.3917
7,81.8107
4,74.2758
3,37.2024
1,22.9095
8,86.7554
2,54.5752
8,62.2924
6,131.0616
6,55.6483
4,34.5981
7,47.2292
6,71.6846
5,64.1986
7,54.6747
1,34.3407
7,67.5372
8,144.7876
2,31.1397
5,38.4123
5,58.5252
7,79.7872
7,57.4493
3,91.6590
2,30.3797
4,19.1363
6,195.0585
8,180.6141
3,48.7250
5,126.6892
7,173.1102
7,82.3045
4,49.2287
6,48.4340
5,53.7346
7,142.3825
7,92.1659
4,64.5439
5,45.2557
4,51.9391
4,33.6927
5,62.2407
4,38.4172
6,190.8397
11,193.4236
9,123.2033
4,84.4832
5,57.8481
5,32.9707
4,61.0004
7,69.3963
4,57.6480
3,36.8868
7,90.7441
6,64.5578
4,42.7046
8,93.6622
4,53.6769
4,27.7984
7,87.2600
6,50.2934
6,74.5527
4,28.4225
7,370.3704
6,62.6043
3,40.5625
7,51.2033
5,123.6604
2,32.6726
6,82.5310
5,33.6134
10,86.3807
7,142.3825
5,52.3560
1,27.8629
3,20.5804
4,32.4816
4,28.7742
3,31.5027
8,108.9325
5,48.5280
5,37.2578
4,43.5350
5,52.4109
1,31.0045
6,67.1441
10,186.4512
5,65.2600
11,150.1501
9,206.3274
11,210.0840
4,115.8301
4,33.8753
2,31.1948
5,35.3857
7,62.8009
3,29.9133
3,37.2671
10,103.9861
6,54.6647
6,70.9891
3,35.7483
5,33.9060
4,60.1443
4,29.6267
2,24.2463
8,100.1669
6,87.6424
5,42.5291
10,124.3266
6,131.0044
6,62.3441
5,79.9361
7,66.3864
8,105.0053
4,45.9770
9,111.8151
3,33.7648
3,27.6396
5,146.6276
8,96.7742
3,69.4605
8,121.4083
8,153.2959
4,48.2470
2,34.2622
6,119.8083
3,39.1850
7,117.7394
4,57.0451
7,190.8397
3,52.4567
3,28.2061
8,199.0710
2,25.9067
5,40.9556
3,59.3120
2,28.5687
5,59.8563
7,82.9417
6,74.6083
4,80.5585
4,26.6928
5,66.6371
4,36.8324
5,56.3380
8,106.9138
5,50.1002
8,69.8162
5,44.3459
4,43.1717
10,203.9429
5,56.8613
2,30.1872
5,64.2123
7,77.7605
5,56.2852
9,66.7408
6,84.9377
6,47.5285
9,74.8503
3,45.7736
2,21.5595
6,78.8436
6,45.5581
4,75.4527
7,85.9599
9,230.5919
10,124.0182
4,97.1817
6,51.6974
7,58.7659
7,99.6016
6,141.1101
6,213.6752
2,26.8745
5,84.6262
7,70.1754
9,281.1622
7,73.4934
4,56.5185
4,34.8109
5,35.9712
3,45.8225
5,43.6237
5,46.0052
7,142.9933
8,146.0565
4,29.7530
3,36.9959
6,35.8980
3,43.1903
5,39.1696
8,71.5990
5,44.6628
5,58.2298
2,53.1350
8,119.7605
7,135.9311
5,41.7014
3,37.1701
2,23.8701
3,18.5540
4,32.5627
7,100.2674
4,44.5500
5,43.8468
6,92.9944
6,60.0721
5,47.7175
5,78.1454
5,38.2166
5,42.7777
5,73.4394
5,46.2820
3,28.5198
6,55.3710
9,163.3987
4,96.9619
7,113.8952
6,79.1348
7,87.8735
7,89.6861
7,84.5785
1,44.6761
9,192.0615
5,79.1139
5,35.6252
7,73.3138
4,42.9923
7,94.2211
3,50.3102
1,21.9619
2,11.9646
3,30.7314
6,96.0307
3,36.6793
9,222.7171
8,112.5704
6,76.7263
5,70.2247
4,38.4074
4,28.6588
5,137.2370
2,43.4468
5,34.5781
4,30.8420
7,67.5676
4,90.2527
4,33.1345
7,69.4927
5,61.0252
3,41.3793
4,41.3565
5,36.1446
9,222.8826
4,35.3357
8,93.2836
5,78.0234
6,73.0105
7,239.2344
0,0.0000
1,20.1748
3,10.7108
6,115.4290
8,67.0092
3,82.1018
9,145.2081
4,93.7793
5,99.2064
0,0.0000
4,19.6348
3,29.1857
4,34.3840
4,48.0307
8,88.7837
3,41.8352
4,46.4828
5,42.0757
5,42.0227
5,64.5439
5,51.4227
8,180.6141
2,36.0317
5,146.9148
5,40.5734
5,42.7533
5,44.7561
4,40.3443
8,159.8295
5,75.3769
5,70.7881
6,45.3241
5,66.0066
5,56.2535
4,31.2630
5,70.9723
7,90.9918
10,622.4066
4,71.9597
4,25.2845
6,118.6709
2,64.1986
5,33.3037
7,150.5268
5,57.0342
3,34.9732
1,17.3933
3,13.8504
10,89.4988
3,72.0288
3,34.7504
4,21.8786
2,26.0078
3,20.1005
9,90.0630
7,288.7392
6,81.9001
5,53.6001
3,29.1574
4,36.9095
4,45.6413
6,63.7620
2,25.6213
2,23.5479
5,34.2427
5,45.3926
3,27.8577
6,51.2120
6,68.5088
8,87.6168
4,51.5021
5,72.9749
5,169.6833
5,73.7644
4,34.3014
5,44.1241
4,109.9304
9,119.5219
4,94.5477
1,16.1987
2,15.3665
1,9.3853
7,131.5213
9,129.2546
7,98.9772
6,81.2568
2,35.9066
5,168.8239
1,19.6799
8,79.8085
2,33.5121
5,55.5350
2,31.3578
7,79.0306
4,32.5592
6,65.9486
7,63.5190
8,179.8561
6,142.3150
6,113.2076
6,71.0564
6,55.0055
4,35.4946
7,58.6969
2,41.5973
4,33.8639
7,56.1798
5,70.2412
4,29.8894
5,37.6837
5,61.8047
6,74.0924
6,76.6871
6,76.9231
4,38.8551
6,82.4856
6,45.8575
5,42.3549
9,97.4976
1,24.1663
4,29.3141
2,23.0663
7,71.7360
3,59.6540
1,14.6549
7,77.7404
4,36.6166
5,54.2299
6,55.5247
2,34.5383
8,78.4519
1,29.6121
5,79.6178
4,23.6986
3,56.6679
4,33.8448
4,48.7964
5,42.3191
7,88.8889
2,45.9700
4,35.3565
9,163.0435
10,107.0664
2,34.2857
2,23.9444
4,23.3100
9,92.8793
7,236.5931
6,59.3237
7,72.5689
4,29.1772
4,39.1287
1,20.8638
2,15.4289
6,79.7448
6,66.9344
6,84.0807
6,49.7265
5,62.7353
6,73.9098
9,75.1503
3,60.5205
2,30.9310
6,46.8019
6,73.3496
3,40.0320
2,24.5781
1,15.8036
7,78.4929
3,35.0508
7,62.7878
6,65.2032
6,48.0154
6,77.8816
5,163.2209
1,16.3150
2,10.9806
4,39.0930
2,28.6533
8,138.2488
8,114.8545
5,60.2410
7,49.0436
6,106.6856
4,36.8098
9,86.9313
4,59.3472
3,44.0529
5,87.0070
3,30.3000
8,74.8877
6,54.7246
5,43.4531
5,76.3942
7,87.5146
5,107.6040
5,34.8028
5,46.2107
4,34.7423
6,63.7349
4,32.1027
1,22.1076
3,21.7817
4,21.9266
3,63.0915
4,30.7188
4,36.1533
3,31.2142
1,18.0788
5,42.9923
4,43.8212
8,71.9770
2,48.4574
8,179.7483
8,107.4114
7,127.2804
3,84.8896
6,66.6519
5,69.5410
4,42.0462
5,46.1467
3,24.2915
2,22.3032
5,61.9195
2,45.4133
3,25.6301
6,72.3066
1,17.4459
4,39.4893
6,51.9841
6,49.8836
6,57.9822
7,116.8679
5,59.2417
6,53.9860
6,126.7427
6,103.8781
6,65.3452
5,68.6342
5,108.1081
3,30.5998
4,42.9492
6,85.3485
6,58.3658
4,30.5873
7,72.2369
8,111.3586
2,56.1798
6,52.0924
2,37.1195
3,21.6435
4,32.0410
3,27.2802
5,91.7431
7,83.7287
2,33.3853
4,27.8422
4,31.7125
5,70.0607
7,72.7802
8,86.3807
6,51.6173
3,62.7484
7,62.7221
1,24.1177
10,81.4553
4,45.0789
5,53.7634
8,96.3391
8,92.9656
7,66.3423
10,103.5197
5,79.1766
9,207.0393
8,111.1111
5,87.2093
4,36.2845
6,74.1656
2,35.9454
3,23.2540
4,30.6905
4,70.2412
2,21.1060
5,35.4736
2,39.8301
0,0.0000
7,61.9195
5,56.1272
8,191.2046
5,189.1551
5,130.2083
8,148.4414
5,67.2948
8,85.2273
5,154.3210
9,76.7853
5,77.5795
4,43.6999
6,51.2996
6,55.2384
3,38.1777
6,47.5360
5,74.2207
7,79.6601
2,31.7024
5,35.7483
4,49.0356
3,25.9605
12,165.6543
4,48.3559
6,75.4717
5,47.1698
6,63.4115
8,113.2931
4,36.0794
5,65.4308
8,74.1473
4,32.8048
4,49.1481
6,49.1400
9,83.5189
4,74.4048
6,158.1444
4,34.2427
4,49.7018
7,79.1348
3,52.1830
10,188.7980
6,148.7357
8,63.3179
7,117.5549
5,59.3589
3,25.8755
2,47.0588
6,38.6897
4,38.8450
4,34.4195
3,34.1841
8,75.8342
2,25.9673
9,252.3129
9,143.8159
6,58.3317
6,79.6390
5,46.0193
2,23.9158
4,50.9424
8,91.2964
5,83.1716
5,40.3823
3,58.1959
2,20.1830
4,28.6150
9,116.7315
7,86.7805
8,86.8558
7,71.2589
5,65.1042
6,63.8434
8,82.2143
8,88.2613
6,83.5887
5,46.7727
5,38.8954
3,34.9325
7,80.9280
5,54.7445
4,107.8749
5,69.5894
6,56.6038
4,64.5439
0,0.0000
5,62.6697
8,108.3424
3,41.0172
7,118.6709
3,41.9933
9,138.1215
3,33.5345
1,28.3420
8,112.6972
3,100.2339
10,127.3345
3,75.7767
4,35.0672
5,46.7217
8,62.2407
5,104.9318
3,33.2521
4,33.7382
8,96.2773
4,44.8096
6,52.5210
3,49.5131
5,63.3847
9,332.5942
4,47.2813
4,36.7782
4,40.9221
4,38.8350
5,48.5437
5,39.9947
5,55.9701
6,66.2983
5,68.3995
4,79.5545
3,29.5450
4,30.8769
8,127.0648
6,84.5547
4,59.8444
7,198.4127
6,46.8238
2,28.1399
4,30.9151
3,25.5059
3,23.6276
3,28.8184
4,31.1397
5,82.5537
0,0.0000
5,41.6898
6,58.9391
0,0.0000
9,128.5347
6,124.0182
3,69.0449
4,33.6210
6,62.5000
16,247.5247
5,221.4022
4,26.9203
3,29.1234
8,88.5217
7,70.4722
1,35.4862
5,45.2284
3,57.0885
5,41.2031
6,53.2576
8,94.0734
2,30.4260
11,125.4181
6,130.3215
6,45.3858
6,74.3310
8,67.2194
6,112.8668
4,36.4034
9,135.0135
6,89.9550
6,78.9058
2,40.4640
6,66.3277
5,49.3990
10,114.9866
7,65.5165
6,111.1111
4,49.5050
8,108.1861
5,53.4283
5,49.4153
6,58.9623
6,138.6963
0,0.0000
0,0.0000
5,39.6458
4,39.9308
6,56.3380
6,74.9064
3,27.5685
10,219.9413
3,62.2536
5,51.5641
3,43.1841
4,32.7654
6,153.2176
2,32.1268
3,19.1351
6,81.6771
3,89.2857
3,22.8363
10,291.2622
1,53.1067
2,15.0602
4,31.7192
5,47.7251
3,31.3054
3,35.9885
6,74.2574
3,32.2234
3,27.5204
2,17.5305
5,46.9410
2,41.6725
6,38.7297
4,57.0451
8,84.9377
5,49.4234
6,57.7590
3,27.3050
8,119.6172
8,76.0071
7,75.1315
4,33.4448
4,41.4823
1,28.9296
5,63.3312
4,40.0962
3,35.3149
4,28.6123
5,83.8926
5,70.7881
8,96.8992
9,111.0700
7,89.7129
3,45.7457
8,62.3053
7,87.7193
5,76.0264
6,73.2064
6,62.9195
5,68.3216
6,61.6270
4,33.1969
4,43.1655
3,93.6037
4,23.2037
5,46.3822
6,45.7108
2,45.1399
6,74.2758
6,85.2757
1,73.1529
4,21.2239
9,85.9845
7,193.1745
4,32.8048
5,40.1230
5,104.6025
7,55.0964
9,86.9313
10,170.0680
8,118.8590
5,53.5810
7,76.5892
6,72.5163
8,86.7805
2,43.5414
6,128.2599
3,51.4580
5,61.6650
2,19.3961
4,52.2284
5,56.7859
7,57.1973
5,61.1995
4,45.3789
3,37.8263
5,34.9813
7,73.4394
5,41.7304
5,149.0313
10,138.1852
1,102.0408
3,19.9813
3,25.0021
3,24.3942
2,22.6757
5,40.8108
1,16.4438
4,28.3340
8,68.2128
8,93.6914
6,78.6370
4,32.9308
4,38.4025
3,28.9855
3,20.0642
8,100.8742
1,28.6971
5,48.5044
3,29.4522
9,80.9280
6,72.0288
2,32.0137
3,25.7356
8,83.5655
5,65.2884
6,53.5141
6,99.7340
5,40.2955
2,29.8211
8,64.2123
3,34.6460
6,79.9361
2,49.2773
10,83.3565
3,63.0385
3,41.6725
3,30.4445
5,99.6678
2,31.4334
5,77.5394
3,59.8802
11,144.9976
6,67.4006
5,218.3406
5,57.3175
11,143.8849
11,377.3585
8,95.7243
6,65.6743
6,60.5938
3,74.8130
7,74.7384
7,69.0767
2,50.2344
7,95.7243
3,31.9932
5,51.4315
5,43.6427
2,22.1435
5,49.8753
4,31.5391
6,60.3622
2,51.2908
4,23.3936
4,31.1139
4,43.3213
5,58.7889
4,50.6500
3,29.6824
3,18.3464
5,88.0282
3,35.1247
1,18.3914
5,42.5170
6,42.7838
5,83.4725
10,100.5699
5,98.8794
3,36.3636
7,79.2393
3,34.6021
9,99.5355
4,85.1547
3,30.2084
3,28.3152
5,71.4967
5,60.8396
6,74.9813
5,41.0004
5,97.5293
1,27.5229
6,48.3481
4,49.6607
8,71.3267
2,67.3099
6,57.5484
5,61.5385
3,30.3644
4,49.4071
6,94.7568
0,0.0000
1,14.1230
2,9.5030
5,46.0264
4,38.5951
4,54.9350
7,249.1694
4,29.1093
4,61.2245
2,27.8448
2,13.0101
4,28.9101
2,35.8166
5,82.8500
5,32.9200
3,32.7189
4,33.5646
3,28.6096
4,40.1768
6,88.1057
8,83.3102
7,228.8329
6,47.4233
4,36.5675
6,52.4659
3,53.7731
5,40.0320
5,54.2888
5,39.2824
4,29.5800
5,61.9323
7,67.5372
6,58.7314
3,25.9920
12,214.4389
6,171.1352
7,92.3077
6,58.2185
4,34.3289
5,44.9910
5,68.4932
4,33.9712
4,35.5745
3,41.8468
6,38.7297
6,73.3138
4,75.0751
5,40.5789
4,50.7614
7,81.8554
6,55.1775
6,86.5551
5,122.4990
7,103.5554
8,71.6846
9,136.2398
7,89.1796
4,29.2398
4,40.7056
9,98.5222
5,95.2381
7,193.0502
3,24.0944
1,13.0446
5,40.6504
8,94.9668
9,88.4173
3,30.4816
8,69.0449
6,63.8026
7,58.9971
6,96.4010
2,55.7414
8,131.8102
3,45.3378
9,148.7357
7,83.6120
6,54.3577
4,59.7848
4,24.9335
2,35.9109
4,26.9784
9,123.7624
5,90.3887
3,27.5103
9,78.9474
7,127.0648
5,68.1663
6,45.0992
5,92.4214
6,58.2185
4,44.7962
4,38.7147
2,25.4151
4,22.5124
4,56.1167
5,43.9367
3,32.3171
0,0.0000
4,15.2517
8,63.1180
2,63.1313
7,83.3797
3,38.7647
7,62.0091
9,86.4803
2,39.1389
3,23.7436
7,93.1677
5,68.0890
6,66.5188
2,41.3736
6,73.2780
4,31.1042
9,121.8027
9,87.2600
7,90.8540
2,46.8604
3,22.7549
6,71.2589
3,31.4367
3,32.1130
1,24.1488
6,214.7459
4,106.5719
5,90.2799
5,42.0816
3,46.2036
4,33.3333
6,92.3645
7,59.9281
7,99.2392
9,242.7184
5,80.4290
4,38.2555
2,23.9234
7,97.7199
5,44.5633
6,57.4933
7,79.9787
9,104.7120
5,50.4541
10,493.4211
4,76.0071
0,0.0000
10,179.1045
2,74.6826
7,42.7838
2,94.9968
6,58.8351
1,20.4527
4,24.9792
9,87.6680
7,92.1942
6,91.3798
6,57.8146
1,71.5820
3,23.0521
2,18.3117
6,47.0219
8,107.0282
5,50.5817
5,58.9507
2,41.3337
3,20.4082
2,17.7620
1,12.6984
2,12.4414
4,25.3829
8,162.5135
1,20.0173
5,47.2218
11,349.6504
3,36.8324
5,43.8982
3,45.0450
2,18.1631
6,82.3949
3,43.0169
2,26.6170
4,19.7291
9,121.5067
5,74.9813
5,60.9508
3,20.4834
5,41.0060
3,61.9707
4,46.3535
2,24.3982
5,42.5592
5,83.4957
8,69.1882
7,127.2265
2,53.3428
0,0.0000
4,14.2349
7,65.9631
3,41.6493
4,32.8587
4,27.4826
1,17.7441
7,70.6215
6,61.7792
5,240.5774
4,49.4397
4,32.9670
8,179.7483
4,38.2312
4,37.1609
4,34.8878
9,195.5671
3,52.4751
4,22.8154
2,26.0734
9,168.7289
2,38.7747
3,20.9820
8,108.7350
6,74.1473
4,37.4018
3,33.0578
7,58.4681
7,79.1557
7,61.1995
4,51.0638
3,23.2378
4,52.2284
5,44.5699
7,103.0574
2,33.7268
2,23.4210
5,41.1862
3,72.1154
6,48.3170
5,51.1509
7,89.7129
5,85.9353
4,54.8647
7,54.8246
5,135.1960
12,140.9112
4,69.8162
4,32.2096
8,112.4438
6,94.1324
4,47.1032
2,24.6346
9,87.6424
6,104.5661
5,42.5713
4,46.5549
2,18.6047
4,50.5817
5,92.1093
4,55.0459
6,66.1959
6,64.8228
4,39.7825
5,41.7304
9,103.3414
6,74.0741
3,35.8123
7,60.7287
10,160.8579
5,102.2147
3,123.6094
5,96.8992
5,55.0156
5,45.2420
3,56.7322
3,27.8500
6,62.0604
2,35.1617
4,24.9729
8,123.6094
6,97.4659
3,31.6189
5,100.7049
6,62.5130
7,89.4721
4,43.6999
3,38.2409
3,35.0918
4,26.7594
4,32.4640
5,37.7881
5,103.0928
8,300.9027
4,40.9333
7,110.2536
4,65.6312
4,41.0846
10,162.6016
1,29.7767
4,25.0229
7,145.8435
5,70.5716
3,22.7635
7,70.5219
3,36.4564
10,144.3001
7,113.5503
5,47.6115
9,250.0000
2,36.6479
5,63.2644
3,64.6134
7,99.4036
7,188.3239
5,74.7570
4,58.3771
5,49.4071
3,34.7383
5,86.6551
6,40.3660
7,61.8302
10,130.9472
4,68.1044
3,25.7754
4,28.2646
5,40.2199
4,50.1840
4,28.6533
6,74.2023
6,59.3589
3,58.0271
7,85.7633
4,39.0117
3,42.1526
5,32.2928
6,59.2651
4,64.7948
5,73.7463
9,113.8088
9,337.8378
5,174.0139
6,58.8005
4,49.5540
9,151.4387
4,64.3639
5,35.7228
6,116.5954
5,80.1068
6,44.8699
6,100.4352
3,35.7824
4,34.6021
2,30.3429
11,201.0724
2,48.1386
7,53.4855
5,53.9568
5,40.4422
3,73.6196
6,71.4116
4,41.8585
5,53.2860
10,131.0044
2,29.4320
3,28.7522
6,123.8135
2,38.6349
5,38.5802
5,91.1577
4,32.0376
8,62.3182
3,52.4017
3,24.2581
3,53.9374
8,99.6016
8,80.9062
2,33.0106
2,20.3735
0,0.0000
11,101.2829
2,84.2933
2,27.2876
6,91.3242
5,100.3009
2,21.9459
5,49.1642
5,40.6725
4,58.1170
5,37.2347
4,58.0720
2,26.098
3,38.8098
4,43.6237
1,19.1693
1,15.5183
2,9.8840
3,24.0346
2,25.7422
3,19.7355
2,23.2450
5,43.1220
3,70.4391
2,26.1165
5,40.9277
1,35.4526
2,16.6085
7,58.4567
3,42.9062
3,26.5322
6,33.0578
2,50.8216
3,23.2847
6,64.0205
8,98.2640
4,37.7786
