CLICKS, MaxCPM7
1,203.3111
5,60.3969
6,128.0176
3,76.0870
3,38.9581
4,43.0451
7,96.0615
6,73.3522
3,60.8749
6,70.9004
4,87.9287
6,104.3997
8,95.5762
5,130.7434
2,48.4932
4,46.4068
7,78.5282
8,140.4213
6,190.3726
4,62.6398
4,63.4115
1,46.9012
6,38.7232
7,138.5316
7,95.4459
9,292.6422
4,76.2278
4,105.2157
5,52.2466
6,118.2033
5,75.7904
7,123.6749
4,95.1087
6,52.9902
6,112.3956
4,72.9395
3,47.5350
5,56.2656
6,68.8231
5,77.8037
6,83.3532
3,62.8931
3,41.1426
3,36.0509
5,58.9275
4,45.1118
4,65.7895
3,61.7121
9,160.3665
6,72.3141
7,115.5688
9,128.1347
1,68.7623
7,112.5945
3,63.6653
6,79.7539
9,155.3484
7,139.2758
5,78.5899
8,102.4290
2,67.5545
8,106.1571
6,98.2594
6,71.6186
7,90.2178
4,73.5294
3,48.3526
4,41.0605
3,56.5017
3,48.4765
4,43.4082
3,59.4732
10,102.5491
6,123.6531
3,61.8265
4,43.0478
3,48.7975
6,66.4894
5,75.6920
4,54.0582
3,56.2249
1,40.4601
5,35.0789
5,69.6102
6,62.8592
3,79.6541
4,41.1378
4,75.3174
6,71.8907
5,76.3859
5,109.1022
8,198.5816
3,62.6006
5,68.7758
2,61.2531
7,82.9187
5,70.5219
3,47.6839
7,73.1529
4,88.7424
4,65.7648
8,93.7835
8,126.1261
3,97.3845
6,65.7092
5,74.1525
3,53.7924
7,88.2613
8,116.3564
4,98.3146
3,48.3826
6,56.3108
4,84.2055
7,145.7422
3,67.1785
3,56.4653
6,72.4638
3,52.4620
6,72.5840
8,112.4498
3,73.0765
2,55.4895
6,46.2994
3,51.2408
2,42.6335
3,37.3035
8,103.3058
3,59.3723
3,52.8063
5,72.4938
6,83.0466
8,115.2074
7,153.7110
14,271.9503
11,203.1930
5,136.2398
4,65.4634
7,96.6317
4,103.7960
7,96.4719
6,144.7178
7,101.8330
5,97.1682
4,54.7559
4,56.4107
1,38.6313
8,79.4371
5,87.3362
5,68.3661
6,106.2054
4,60.1736
6,66.7620
3,65.2742
4,48.3927
3,47.3357
7,106.3345
5,74.2627
5,67.8623
2,58.1879
7,110.5321
2,53.1632
5,42.9923
4,57.2457
5,100.1574
4,64.5399
5,59.0518
3,53.4433
5,50.0823
11,184.0168
3,103.9038
4,50.9647
3,39.1411
3,33.7936
8,179.4412
3,66.1688
5,65.2498
2,54.5384
3,41.2566
4,37.3652
11,148.2737
4,82.4305
3,47.1032
7,90.5797
6,88.4397
10,216.8525
5,87.0106
7,159.4170
5,149.0948
2,43.4351
2,34.3761
6,75.2284
9,143.4132
4,99.9714
6,127.2033
4,60.1788
11,216.8525
4,122.6349
5,63.2511
3,61.5276
4,42.9342
4,49.6595
8,190.6318
4,84.7047
6,68.8434
1,61.5276
4,35.0666
4,43.0028
7,183.3901
4,87.0322
6,66.0814
3,49.0643
5,58.5284
10,158.8382
3,94.9024
3,35.5168
4,58.9126
3,45.5255
6,59.7474
8,103.5656
10,161.5136
5,140.3368
5,78.7402
3,44.3403
5,149.4768
5,63.6537
3,58.5382
4,45.7337
0,0.0000
8,98.8003
6,78.0814
5,85.5746
10,121.6968
5,127.3654
8,108.1248
5,76.6955
8,131.0861
2,80.2752
3,49.6524
7,86.8271
5,79.3921
12,373.3334
8,248.4031
1,50.6366
5,46.0314
3,61.5655
7,79.8996
3,56.7169
6,101.5965
6,60.7217
4,110.6719
6,66.0939
4,64.8989
3,47.7132
5,54.4366
1,42.5118
5,34.2633
4,77.1945
5,69.8254
5,61.7175
5,66.1188
2,40.6032
5,63.0517
6,85.7948
4,70.2811
3,40.5492
3,46.7883
3,37.7013
5,67.5480
5,107.4279
6,113.1770
8,178.5259
4,153.9477
2,51.0055
6,53.2481
2,44.9987
2,36.7821
6,63.4633
6,100.2004
3,62.8479
7,82.2562
7,104.5713
4,87.8845
4,52.5447
2,39.8656
6,59.4783
4,77.6053
4,51.8788
10,154.3550
4,127.7605
2,34.5219
5,73.7619
4,56.3108
4,53.5127
2,38.9083
1,32.9831
6,46.2229
4,87.7633
8,191.4661
7,93.0851
3,76.7376
3,45.3074
5,75.1557
4,55.4719
5,104.2132
5,62.4220
4,55.2966
6,85.0237
6,74.9144
5,77.3224
6,71.3485
7,87.2165
7,123.3046
2,48.1994
6,67.7507
7,88.3058
7,100.2722
9,174.7379
3,106.1732
6,57.9854
10,192.6252
2,135.7115
6,81.7471
7,78.1861
3,56.6343
7,128.2756
3,165.7982
4,54.0582
2,32.8654
3,33.2652
6,58.0046
5,78.1948
5,68.2195
1,47.1571
5,36.3636
6,85.3138
4,84.9721
2,38.0600
3,29.0613
4,48.5067
4,73.3061
3,64.4686
6,76.9654
5,75.6839
2,43.1194
7,130.5726
4,49.9287
1,34.2768
6,58.0624
2,41.5258
6,60.0549
4,77.2456
7,173.1816
4,78.7225
5,52.5881
8,105.6763
2,60.0189
3,37.0233
5,54.6960
5,78.6075
4,44.8718
7,139.3867
7,114.0065
4,55.6483
10,136.1603
8,161.7749
1,46.8321
4,40.6764
5,74.0192
3,62.1504
4,43.9422
5,85.9423
8,95.9825
4,144.8076
3,46.8792
6,63.4001
4,95.7723
11,154.2190
5,125.0670
3,63.8278
2,32.3266
5,57.1615
7,140.5058
3,50.1253
6,77.5194
9,167.4641
6,76.1697
2,68.9791
6,70.5432
6,109.1873
8,126.1489
3,69.7211
6,56.1888
4,77.4593
5,62.1339
7,106.9355
5,71.1599
5,70.1333
11,181.6295
4,90.4743
3,47.4898
6,74.0036
4,64.8749
6,94.7226
2,56.7445
11,156.8803
7,120.6481
7,109.3067
5,72.5840
4,91.8515
6,59.1066
6,104.0273
4,62.1008
3,47.2654
5,47.9255
4,78.6959
4,64.5876
5,71.8686
4,64.9712
4,41.7412
6,172.1594
5,71.2831
7,98.0942
8,119.1895
6,107.2304
4,57.9758
11,171.9902
5,134.8488
5,61.7012
7,128.4639
10,339.4762
5,146.7505
2,47.4673
3,42.2705
7,92.2752
2,66.4957
4,39.2773
3,45.3838
10,133.5368
8,188.8829
3,92.5192
8,153.1059
8,235.7696
7,84.9824
3,121.7603
9,139.3589
4,68.9044
3,61.5872
5,56.4334
3,76.4109
7,83.2244
5,86.8810
5,80.5616
3,57.0451
4,49.7194
3,77.6398
14,272.4796
2,104.6964
9,137.6327
1,55.5203
5,36.8072
8,138.7787
3,75.0751
1,31.1166
5,32.5279
3,63.9036
7,84.2967
6,97.6699
7,218.8184
9,231.0994
5,106.3668
3,51.8519
2,32.5945
4,34.7861
7,113.3053
5,110.3405
11,222.7880
6,148.4309
9,190.4762
5,63.6537
6,87.5438
6,161.3647
3,70.9292
5,48.3125
3,70.3094
6,48.7329
2,77.7001
5,36.3052
3,58.7101
4,58.9226
7,76.8134
6,90.8973
2,65.9444
6,68.9248
3,60.5170
6,57.8560
3,95.4849
5,49.7831
6,106.6423
8,206.5506
3,78.2298
7,73.2064
7,86.2175
5,113.1039
5,56.3471
7,91.7672
8,126.6739
5,78.0466
4,94.9668
2,41.7487
10,193.7984
3,106.7724
5,53.5414
10,177.3948
6,105.3582
1,38.9994
6,59.5643
6,100.6760
4,96.5650
3,43.3813
3,38.5144
3,38.4299
6,63.1199
7,125.4256
6,101.1122
5,76.0374
8,308.3701
4,58.2266
3,45.3339
9,126.5594
3,63.7697
2,41.8510
5,51.8250
6,92.8752
1,71.7728
5,40.4601
5,53.4596
2,42.8659
5,51.8788
3,37.5738
5,74.8663
3,47.8567
3,42.2297
6,107.6095
8,91.4316
11,172.4138
3,89.1493
4,53.2562
4,71.7507
4,45.0421
5,64.7788
4,74.0192
7,82.8500
1,53.4719
7,122.2707
1,47.1158
5,35.5492
8,163.7810
4,110.8823
8,124.8662
6,125.6281
7,97.4659
6,109.7007
5,76.6367
7,94.9925
8,138.0671
6,89.2971
4,87.8073
3,44.0667
5,57.8608
4,70.4580
5,67.0691
10,198.9201
6,181.2063
4,87.3471
7,135.4751
6,103.1232
6,77.8470
7,126.1943
6,83.8524
7,115.5688
2,59.1566
2,30.7301
3,29.8202
5,113.9694
2,62.9044
4,38.6655
6,48.9134
3,88.6300
5,70.0841
4,66.5589
4,44.3066
3,40.6386
2,41.2590
4,40.4204
3,39.5592
5,76.8134
5,71.6039
4,79.6360
6,104.4153
3,43.7664
3,56.2656
3,45.3104
8,81.0936
4,57.8991
6,80.5895
5,66.4767
3,62.1449
9,160.6241
2,113.8396
7,159.6351
3,121.1702
9,114.4913
3,84.2967
1,51.4971
10,143.0031
5,101.8923
4,51.4592
2,46.6698
3,54.3647
5,41.8861
3,54.5256
7,78.6871
3,58.9623
6,89.0019
3,42.4706
3,43.3866
10,353.7140
4,88.6076
3,42.1636
6,123.0012
6,66.0253
2,60.0240
1,28.7817
3,26.2733
5,53.3130
6,81.4427
3,66.6476
5,47.8894
2,45.1264
4,47.8142
5,60.8008
5,55.6174
5,75.9796
6,73.6145
7,77.3652
5,172.5838
3,67.6721
1,36.1272
3,26.7227
5,53.7882
4,49.5575
4,67.7638
1,42.2527
6,43.2446
4,66.9921
3,43.3356
7,84.1144
7,153.2064
8,140.3368
6,59.4884
2,61.3712
5,81.8522
9,142.5952
4,98.6749
6,72.8484
3,59.6201
6,58.3431
4,88.7199
7,85.1892
6,129.5816
6,70.5006
3,69.9371
2,50.4141
6,60.4856
6,77.7691
4,59.2768
2,34.6004
5,62.6679
4,67.8953
2,44.6343
7,87.0755
5,99.6158
7,132.2252
3,57.9662
3,43.5974
7,86.3451
4,67.2818
8,130.1599
5,69.0472
6,92.9368
9,135.8959
10,132.3001
7,164.9387
2,43.3813
5,68.8841
10,135.8696
4,79.0335
2,54.9407
2,38.4911
6,59.5998
6,63.8162
6,63.3828
5,112.9761
4,45.8956
6,87.7853
2,53.0183
3,43.1327
4,41.5875
7,75.7248
6,76.1035
5,123.1744
5,67.1463
1,51.6910
5,31.5642
4,103.2753
4,61.0607
5,63.6769
5,76.8640
7,159.7080
2,80.9062
4,38.0249
5,67.2560
2,44.7943
7,72.2618
4,107.1811
2,58.5382
7,82.7228
4,59.2919
2,33.0422
6,76.2943
2,62.6735
11,453.6617
3,103.7344
6,109.1363
4,71.8612
4,52.8222
9,100.4592
6,173.6542
8,117.0373
4,103.4585
6,87.4017
6,87.6534
5,133.4096
3,66.3130
6,77.9163
5,87.2383
5,59.4581
6,111.6427
5,68.8096
6,109.1873
3,44.5208
4,61.2423
6,55.1008
5,102.9715
6,72.3739
5,66.9216
5,94.3523
5,74.7065
3,50.2801
6,70.4580
8,104.3219
2,74.9545
5,54.8460
6,88.0614
2,57.8082
8,142.0166
2,79.0068
7,109.9246
5,187.2158
6,66.7175
4,79.8176
5,68.4530
7,86.5587
8,124.9777
5,69.0744
7,76.9146
1,80.1649
2,33.8164
3,28.9268
2,46.7633
4,35.8588
7,81.7089
6,82.9777
2,44.1112
7,119.0071
6,72.6292
4,79.5184
5,50.9054
7,110.9174
6,68.4329
2,88.2613
6,52.5407
9,158.2994
8,128.9372
3,60.7956
4,52.9861
5,91.3838
5,63.6248
7,92.8505
4,100.9082
8,86.9781
5,78.7490
7,120.7730
7,213.8711
6,117.6273
3,62.2554
8,139.8043
5,113.4338
5,50.7246
2,45.9016
3,31.9183
3,43.9147
8,122.2494
2,52.4738
9,81.4901
4,98.7445
5,68.3127
6,85.4284
8,131.1107
9,127.8539
4,111.1464
5,50.8130
7,159.0909
4,90.5094
4,50.3307
5,69.0812
7,89.6057
2,71.0083
4,36.8053
2,34.9668
8,103.6883
5,86.6337
6,63.9153
5,89.5828
5,73.1529
3,61.1514
10,138.6963
6,136.0280
8,141.2144
5,95.0183
8,137.7410
7,129.9907
6,61.5709
6,101.3318
4,74.6348
4,47.8044
10,215.1860
5,77.5108
5,67.6002
8,100.0715
5,73.5449
4,65.2863
5,63.3714
6,75.5287
3,78.2298
6,85.3659
4,61.1140
2,35.6670
6,72.2469
3,51.7292
3,43.3222
4,59.5238
7,85.6898
8,178.2531
7,199.0333
4,64.2202
3,52.0523
6,66.2440
2,46.7664
8,132.3502
6,87.5657
3,45.0653
5,65.1830
4,62.2278
5,52.3247
2,54.4239
6,54.1712
7,105.2473
3,75.1073
5,46.9925
3,41.3883
15,283.6305
3,63.4460
4,54.9969
8,91.1221
5,112.2334
3,60.6691
1,48.3058
9,172.5413
6,102.6092
8,189.3939
4,68.7893
5,67.1979
4,50.6512
6,98.9819
4,68.0338
2,52.1182
4,39.8248
5,52.0021
4,64.9110
5,57.3770
6,120.7938
3,47.0240
6,76.9062
4,73.9098
5,48.2625
6,83.2540
7,135.3180
5,70.7786
6,98.9959
8,144.5982
2,89.5026
9,160.1098
4,83.2739
1,42.5558
6,39.3524
5,58.8038
4,109.7179
3,67.2237
10,209.0176
6,96.0220
5,106.3507
6,66.9024
7,173.0104
6,62.1283
4,119.6990
2,42.6595
10,138.1215
6,95.3029
4,89.7091
5,54.4747
3,146.4129
5,51.6338
5,57.2129
7,127.8305
3,108.2084
7,79.0782
4,61.8375
5,67.4634
4,68.9044
7,90.9091
6,76.9654
7,111.9463
6,129.1036
2,69.8046
4,40.2970
11,255.1950
6,106.2699
6,80.8314
3,63.3140
7,126.7427
2,69.4307
5,37.6851
2,98.1079
8,191.2046
5,95.1863
5,75.9466
5,63.7349
4,52.9621
6,94.5818
1,44.9583
12,336.3768
7,97.1413
2,74.8984
6,57.9326
5,97.2087
7,84.8588
2,132.3752
2,30.9830
3,30.3096
5,50.0036
3,48.7499
3,41.2760
3,48.0176
6,60.8907
9,164.1651
5,87.3908
5,55.7014
4,63.0120
7,101.0830
4,98.4114
8,114.2111
2,50.7430
3,35.5890
11,180.4124
8,117.8055
3,119.7605
7,74.0427
6,81.9001
2,82.4694
3,38.4299
1,29.0806
6,40.6953
6,75.0107
7,97.3168
1,43.3463
4,42.5920
5,57.9710
4,78.5105
12,158.8743
5,93.7082
10,144.1219
4,86.9241
8,118.4233
3,112.9032
6,50.6769
2,101.1707
2,37.9610
5,67.9414
6,57.7367
8,136.1603
4,81.4711
5,50.2946
5,67.6459
10,169.1638
0,0.0000
8,108.5271
2,58.0094
3,41.4987
3,32.1189
6,87.8183
3,69.1836
6,78.0466
3,68.2860
4,53.2806
3,43.6572
3,38.1471
6,69.8394
2,98.5222
3,33.4241
7,143.2958
4,70.2600
4,51.5009
4,50.4832
3,39.5101
5,62.5670
4,55.0358
8,109.0682
9,121.3172
4,93.0480
2,39.8112
5,63.7349
8,142.8863
6,113.8396
4,118.8253
3,55.6439
6,57.3395
4,79.8813
10,221.5190
5,206.1856
4,58.1975
6,73.1453
6,89.7781
5,81.8044
6,68.9248
8,245.8728
8,153.6773
5,81.1218
7,84.5411
5,128.4168
1,61.1995
4,41.3932
4,47.0083
5,55.3054
2,43.0531
9,139.1373
2,76.9569
2,34.7308
4,39.5078
5,47.0051
3,52.3834
3,56.0314
6,75.2769
4,70.2529
9,153.7110
3,95.5371
3,39.8792
6,82.0345
5,71.8833
4,60.3917
10,195.4216
3,67.9810
6,57.5989
9,159.3807
3,62.4275
10,125.0000
4,150.8621
6,78.1512
3,52.9942
4,49.2091
3,49.1711
4,52.5447
8,250.9860
5,94.2000
3,47.3837
4,48.8998
4,53.4923
4,54.1838
10,137.1473
3,136.5321
2,44.1975
8,175.7028
6,66.2691
5,129.9183
4,63.5612
2,34.2064
8,103.3058
4,74.8984
7,122.8501
8,92.0326
3,58.1154
7,93.8212
6,90.2876
7,86.7840
6,88.7874
4,65.6168
1,33.4209
5,35.9103
5,56.1302
5,73.8553
3,66.2628
3,44.1362
5,51.7025
4,52.9501
6,83.0663
5,64.4686
7,117.8055
2,68.8299
7,111.7675
5,116.0477
2,47.4866
5,46.7040
2,38.6869
9,228.4595
8,156.2849
1,63.4345
4,51.0949
3,59.0568
5,43.9064
3,57.1522
5,43.4810
4,64.0498
4,62.8648
5,76.4192
3,57.9854
3,31.5913
2,27.7008
8,102.7598
4,84.6331
3,39.3214
3,38.6869
3,54.6192
11,264.3505
7,253.5313
6,116.6084
5,75.1073
7,101.3905
4,99.1923
5,71.6186
2,40.8378
7,99.6725
4,71.8096
4,64.6054
10,114.6038
5,83.8625
5,104.1667
3,49.4840
5,48.5067
2,53.7634
5,57.7082
3,68.2994
2,41.2760
8,184.0652
2,57.4477
6,65.9196
4,85.8896
7,81.4806
6,89.9165
4,78.6694
2,39.4366
5,61.9688
6,62.7578
2,51.3799
7,78.1861
8,115.1505
9,130.4510
1,95.3808
10,104.1202
5,87.5328
2,67.2560
7,92.4214
4,96.3656
4,61.1354
4,47.5511
1,36.4773
6,47.5285
4,61.1354
4,57.1522
12,213.2196
9,150.7646
3,153.5088
2,57.4147
8,131.7027
4,89.7781
3,51.2333
8,169.6558
5,108.9155
5,64.2733
6,143.7962
6,87.7963
7,90.7441
3,73.5371
11,210.2734
3,83.4327
8,143.7962
5,83.7621
2,55.5820
7,130.5240
4,62.0898
10,145.4394
6,154.9358
4,62.8761
6,86.2175
3,77.1265
8,160.8825
4,71.0588
3,36.9296
6,132.2751
7,88.2724
9,157.6222
3,72.7651
7,82.0537
8,120.2749
8,145.7726
4,53.4025
3,50.6732
5,44.9121
4,73.9333
4,56.1798
6,73.8085
6,119.5764
1,38.1867
6,69.0540
6,119.6990
3,48.6550
11,159.7444
4,137.8767
5,54.0207
3,53.9042
5,47.5996
2,44.4670
6,54.3732
5,92.7152
6,96.2861
4,73.4754
4,60.3396
6,72.2917
5,107.5104
8,87.5219
3,115.5688
3,47.3773
9,136.5055
7,116.8224
4,72.8635
4,53.0987
6,59.9777
9,164.6284
6,87.4781
5,59.8444
5,85.6688
4,56.7859
7,93.1967
8,105.1209
7,85.3554
2,86.3026
4,58.8136
8,117.3315
10,107.6426
7,185.0872
4,69.0472
8,146.9353
4,61.0554
5,80.1007
8,101.3171
6,122.0575
3,50.5890
7,126.7886
3,52.7426
3,45.6264
4,48.3994
7,94.1746
7,81.5756
2,66.9600
5,49.6560
4,80.2752
7,139.2481
7,108.5103
6,117.2137
3,46.1772
6,102.8202
3,67.0370
3,53.7924
1,32.8870
3,24.4687
5,55.6041
2,70.2459
3,56.6848
5,40.7474
6,84.0639
10,160.9195
6,81.1312
3,108.6619
2,48.6584
4,35.0385
6,58.4942
5,85.1685
9,170.0680
5,147.1825
6,81.9384
7,129.4139
6,65.5615
3,98.9399
2,45.6204
5,38.5866
7,172.2017
7,116.8224
7,126.8116
14,330.0330
4,136.1073
4,59.6557
7,98.1079
4,54.4959
5,74.8343
8,103.8730
9,184.6966
3,74.6826
7,97.4659
7,167.1442
3,53.5045
8,123.4786
5,119.3521
3,49.4630
8,89.4454
2,88.4844
4,45.6889
9,103.1840
7,146.7198
2,63.7059
5,42.0420
3,45.2635
3,41.5209
7,87.4891
9,127.7839
8,117.8848
6,125.9899
8,119.1692
4,102.1301
7,83.0762
5,75.6430
4,64.7968
4,44.3066
6,73.5217
4,72.5313
4,49.4246
8,150.1824
2,62.1780
4,40.2253
6,67.8032
3,63.4058
7,131.1352
5,87.6095
4,48.8349
5,70.4509
7,86.2069
9,130.5483
2,67.1527
5,43.5513
4,68.0603
5,68.7555
2,52.2544
3,37.6223
3,31.7777
4,56.1753
1,33.9410
2,31.0297
7,78.9711
2,60.8220
6,58.4307
3,50.3090
3,39.9909
4,43.0822
6,63.9678
4,71.3267
2,48.3259
3,35.4682
5,64.8929
8,221.8700
4,73.4137
8,101.4052
5,80.1925
2,57.8035
4,42.2068
6,67.2818
3,60.2410
4,44.7256
6,64.2733
5,76.2278
6,135.1351
2,61.5331
4,51.2558
5,44.2478
5,69.7281
8,120.8355
7,124.9108
3,120.3990
6,47.0968
5,100.3728
5,67.0370
7,129.1513
1,108.6450
3,41.8610
9,126.2626
2,54.1586
7,72.1203
7,141.8440
7,145.9245
8,143.1493
7,91.2290
4,72.3664
6,74.2154
7,166.5477
5,84.1751
3,58.6707
11,240.1372
6,131.5542
8,95.4198
4,94.3778
3,45.4634
4,57.3301
7,97.0201
6,83.7721
4,68.8096
6,78.8910
2,66.6476
6,70.5787
4,75.2203
3,49.9786
8,101.9071
4,75.1880
5,61.0874
8,89.1493
4,75.0670
4,60.4334
3,41.9363
5,51.1808
7,89.1152
1,55.7280
8,193.9595
5,208.7683
5,52.2466
3,46.5611
3,41.4864
3,50.4686
10,134.4602
6,160.2197
4,87.1189
5,52.6078
4,70.6500
4,53.6933
6,102.6393
5,53.2846
4,65.4328
3,64.0381
2,32.7363
2,23.7425
7,200.0000
7,122.8501
2,111.5894
2,48.7975
10,278.7734
5,81.2159
5,53.8462
7,101.0101
1,88.2168
2,35.5890
5,57.1195
6,60.2877
7,129.1990
6,75.8725
7,97.6018
4,121.6545
4,47.1444
2,40.3272
7,78.9266
4,84.4697
5,62.0457
10,144.1219
5,73.2524
0,0.0000
3,35.5601
9,114.3230
6,83.1749
3,64.8088
7,91.3004
5,81.3197
4,52.5486
7,134.9008
5,130.6701
4,60.9969
1,27.2278
3,30.8846
3,39.7366
4,55.9776
7,111.2701
6,79.7812
4,63.2397
5,98.1492
3,67.0691
5,47.3517
6,101.6260
5,94.7611
12,243.9875
5,83.5721
8,116.2019
10,196.7951
7,102.0408
3,62.6174
3,47.6742
7,81.2253
5,70.7071
4,46.4561
2,53.4270
7,133.6898
4,66.7557
6,78.3699
7,103.2601
4,69.8115
5,52.1960
8,144.0033
3,74.3100
6,68.1332
10,183.7753
4,138.7237
5,60.7007
4,64.9954
6,93.0851
2,64.0088
3,48.4832
5,54.1880
5,53.8544
4,83.6420
4,47.4383
9,187.3662
9,182.1020
3,87.8624
7,96.1935
5,65.2863
4,73.9254
2,50.0715
4,31.4113
4,67.3660
3,51.0130
5,59.9983
3,64.9230
8,84.7253
4,106.5125
9,108.4935
7,100.8936
1,49.9394
9,173.0104
6,78.9979
3,56.0763
3,50.6366
4,51.0837
4,45.9378
11,307.0176
5,175.7911
9,103.8422
5,194.3904
5,60.3604
4,56.7767
3,45.1089
6,101.7442
4,57.7796
9,119.0476
8,120.6897
8,116.3757
6,96.0088
9,211.2251
7,96.4586
5,96.5251
1,53.4188
4,47.3966
8,143.9737
1,62.2444
5,40.3994
5,55.6483
9,130.7189
5,106.1249
4,66.0128
5,63.4345
4,61.1087
4,54.1502
3,42.6907
3,36.1645
8,125.3357
4,69.3825
6,66.7111
3,66.0315
4,41.8610
6,70.0280
6,88.9341
4,57.6986
7,113.0308
4,57.7367
3,68.3861
6,53.5005
3,59.9983
3,47.6839
3,39.1565
1,32.3864
8,81.0560
5,112.5040
3,68.6207
4,36.1944
4,53.7552
4,50.3054
6,69.1700
5,136.9863
5,84.2663
5,63.3370
4,48.8861
3,50.4286
3,53.5414
9,120.1098
3,97.8337
4,41.9992
2,37.0940
7,79.6903
2,60.8960
10,146.5662
5,152.4390
5,57.0823
6,79.8996
8,186.8161
2,50.8869
7,87.5000
9,119.2504
3,69.3069
6,71.7802
6,133.5623
3,59.8239
7,85.4075
3,62.0677
4,56.5337
3,38.3940
6,150.3114
9,214.7898
2,111.3055
5,47.3773
3,65.7771
6,73.8942
6,99.8289
5,61.2102
9,177.0807
5,145.8637
8,108.7463
5,86.8918
6,113.5074
6,72.1055
8,105.6923
10,192.9970
4,92.2874
3,36.4849
5,60.0807
6,89.7436
4,80.0824
4,53.8420
1,44.1390
5,44.8603
3,40.1860
2,32.4600
5,46.5487
4,73.4677
5,60.4804
6,53.6481
5,111.0935
5,64.8629
8,90.5094
5,62.4721
4,92.9985
2,43.9920
3,34.8640
5,52.2388
4,65.1648
9,233.4890
0,0.0000
10,224.4309
6,82.7521
6,91.0747
7,96.9529
4,92.5314
2,47.4223
4,41.6122
2,38.4404
5,51.6376
8,116.8810
8,185.1852
3,73.2754
4,40.1653
3,41.7163
1,28.7793
3,31.3662
7,139.0268
9,122.4847
7,112.7214
5,75.4636
9,106.1249
4,113.5626
1,53.5865
3,28.9615
3,27.6592
3,42.0825
7,100.6905
6,149.3493
5,95.0312
5,61.7230
3,57.8799
4,63.5786
4,53.2077
3,49.3757
7,86.6551
7,80.5153
5,74.9144
7,99.1221
2,84.4798
5,45.9951
4,49.1677
7,102.4890
5,75.3012
5,73.7852
3,42.5196
6,70.7571
6,82.3529
4,93.5454
7,93.5704
4,126.2171
4,42.0724
8,98.4944
4,95.6676
6,81.9384
6,104.3530
6,130.7189
6,68.6881
3,68.0074
6,85.1167
4,80.5246
0,0.0000
6,30.7746
6,103.2144
4,56.3154
5,53.5455
6,128.0410
4,59.2217
5,59.2618
3,84.6024
8,118.2832
6,65.9382
5,133.2826
5,56.4061
6,70.2882
9,171.9057
1,89.8703
5,44.2198
4,55.2181
4,81.3292
6,69.2932
0,0.0000
3,35.1635
0,0.0000
5,29.2410
4,59.0568
7,103.5809
8,168.5123
5,82.7815
6,102.4890
6,71.8833
7,123.7405
6,142.7115
9,171.2329
5,126.4223
4,66.0128
5,50.6732
4,63.1199
6,67.4959
8,130.4996
3,83.5821
7,86.4411
9,171.0237
4,93.5579
6,76.7123
4,50.5160
4,71.2541
6,65.7277
4,139.8601
7,120.7521
6,80.7475
7,115.3023
8,229.2076
3,93.4704
4,47.0746
9,142.3053
4,166.9449
7,91.0391
4,66.2252
7,107.5269
2,66.5399
2,51.5806
5,38.9148
3,110.3927
4,37.8358
4,93.7207
3,43.2526
6,66.8003
4,84.2866
5,59.1116
6,61.9140
3,70.1262
6,52.9341
1,38.3961
4,40.9812
3,38.6911
11,224.5749
3,92.2631
5,53.9749
5,80.6266
4,62.3441
3,46.1802
3,47.2749
7,101.2292
3,58.8928
3,46.6387
5,52.6435
5,54.3774
9,165.6021
6,115.4925
5,89.5828
11,234.0354
6,93.2463
5,71.9942
6,58.8631
1,50.1397
4,36.5688
5,134.0739
7,106.5125
3,71.2468
5,58.0961
7,148.5884
6,70.0701
6,91.7431
5,69.5134
3,54.6533
5,55.0834
8,129.3661
9,118.2632
5,78.6252
3,48.9305
3,46.3699
5,43.3383
2,46.8980
3,39.4144
4,42.8449
4,54.7303
7,85.7423
3,113.2686
7,87.9507
7,109.6148
1,91.2766
3,46.5054
6,58.5235
7,99.0239
8,103.1080
1,113.9138
5,42.9527
3,39.0385
14,482.4259
6,257.2584
9,131.4307
4,73.9098
7,77.5366
7,144.1813
6,75.0429
10,210.9069
5,107.7255
4,82.5959
6,96.8188
1,51.8941
2,34.3541
4,28.4912
8,124.6439
8,117.5878
2,48.1034
6,83.0171
2,50.6329
3,43.4432
4,48.3392
4,50.2404
6,97.9158
3,69.4031
5,50.9239
4,57.0869
11,170.3992
6,117.2529
8,94.4414
7,136.3725
7,119.2707
4,84.4289
5,68.9655
7,128.4168
4,59.0020
8,95.8641
5,84.2257
4,67.3660
4,52.3599
5,60.3188
4,58.0961
4,48.8247
7,85.5223
5,74.6269
10,169.2047
5,101.0830
7,85.8264
6,91.8033
4,71.0083
5,53.9125
10,129.4618
6,108.7632
6,71.5454
8,105.4058
7,103.5044
3,68.3260
6,74.9866
7,112.3055
5,71.3849
4,63.1085
5,61.9579
4,62.2278
8,132.7014
4,70.4225
8,163.0561
4,108.9833
7,111.5894
5,60.1013
3,64.2851
1,37.5617
4,32.9551
4,56.1933
7,114.6977
5,90.3576
10,147.5237
4,191.6233
5,66.1813
4,60.7850
4,64.3028
6,67.8623
3,63.2854
7,84.4187
6,99.9429
4,65.7895
9,129.1036
4,63.0517
0,0.0000
1,24.3809
3,26.3475
3,33.2305
7,91.0984
4,82.1018
5,65.7092
1,28.6873
4,35.0228
1,31.1568
6,43.3463
3,85.7318
4,45.8926
8,150.2791
8,108.0247
6,186.5175
2,58.9971
9,179.7176
4,82.8500
2,47.5543
7,152.8718
2,123.0229
7,99.0660
7,184.0652
4,77.9771
9,219.7112
7,108.0914
6,154.0832
5,60.7323
8,108.0080
5,104.7120
4,51.6681
9,148.0855
4,72.8029
5,84.9412
5,70.9148
3,59.4884
7,112.1975
5,72.4113
2,43.4432
8,130.7434
7,116.5695
3,98.7724
6,53.0504
12,205.2786
7,112.2514
5,126.3082
3,48.0571
2,34.9755
3,36.5344
8,92.3361
2,71.9424
5,41.3638
7,162.4507
8,105.1999
4,95.3678
3,44.9496
4,53.2724
6,68.6679
5,100.8936
4,61.2638
2,38.8500
3,34.2349
9,252.8902
3,100.3297
6,57.2082
3,52.0214
11,147.4615
4,121.8027
6,61.0767
8,118.6441
3,90.4743
5,62.6174
8,113.1405
3,66.9088
7,84.9721
6,102.3841
8,174.4766
5,199.9429
4,65.5492
3,47.4963
2,35.6488
8,137.5516
6,116.9395
5,81.1312
3,67.5806
6,63.2454
4,100.2578
10,204.8581
6,181.8182
7,90.4860
7,104.9948
8,124.4444
4,76.5948
6,65.0921
3,63.3714
4,41.9538
6,80.7103
7,83.9631
5,82.4208
3,56.8320
6,57.5327
4,96.6317
4,68.0934
8,101.8478
6,84.1346
3,75.3904
2,35.1194
4,42.2348
4,61.9414
5,57.8178
5,66.9216
6,78.5811
8,133.3333
4,74.2942
4,53.0906
3,42.1890
5,50.5379
8,217.6617
4,73.6687
5,73.4214
3,53.8586
3,39.1193
6,54.6363
10,195.8042
8,219.4357
5,67.4049
6,77.4422
3,94.5690
4,58.6363
5,54.7902
5,61.8921
7,129.1275
8,97.3033
8,149.0313
7,87.1189
6,123.6749
4,71.7949
5,61.3067
4,82.7325
9,104.2908
6,129.6056
3,50.7541
3,47.7979
4,42.0521
1,39.8429
5,35.7873
5,95.6415
4,63.2911
9,153.5424
7,105.4535
6,98.7445
6,96.4320
7,86.4198
1,43.2419
8,89.7781
5,184.5991
4,58.3869
2,46.2504
4,35.8919
5,74.8023
3,63.6479
5,65.2012
8,105.0893
4,68.6611
8,135.4489
5,147.0897
10,154.2530
8,175.3507
4,93.0727
1,31.2765
6,93.7333
7,107.2797
4,56.3063
3,79.5274
4,55.9284
9,164.4737
2,105.2473
8,112.5583
6,97.5338
7,99.0800
4,79.1766
3,43.9092
4,46.8855
6,93.6956
8,235.5316
7,151.9757
3,82.2368
8,143.7962
4,96.5118
5,57.1429
7,122.9148
3,77.1605
5,47.4094
7,112.2155
5,74.6189
4,55.9508
9,137.4705
5,102.7146
5,59.3623
5,112.9944
4,59.5238
2,44.6059
3,37.0253
6,73.3522
8,123.8281
7,109.6320
3,78.9889
4,55.1311
5,55.4763
4,55.5644
6,68.2660
7,122.7209
5,169.8205
12,232.1725
5,88.7762
6,144.5982
8,102.9866
6,82.3820
7,87.6754
8,259.2593
6,105.8681
2,58.6805
6,93.1470
6,60.1065
4,84.6535
4,51.3460
4,77.3395
8,135.9751
3,69.0880
5,64.0029
10,169.4095
6,133.2826
3,69.7142
9,118.5035
5,68.2927
5,60.1633
3,64.9712
8,139.0544
4,78.7845
3,44.4332
8,145.1680
7,97.7927
5,98.1354
6,168.2288
8,139.9160
4,92.1053
8,159.8173
9,145.4092
2,71.4432
3,34.4166
5,60.1840
6,89.3769
7,93.4954
2,83.2145
4,45.9891
7,106.0285
9,136.3194
3,79.6722
3,46.3545
4,46.7852
9,158.6942
6,112.9032
5,91.3242
7,87.0972
8,134.4086
2,50.5269
8,145.0777
1,55.7458
4,44.8833
4,47.8763
4,54.3605
6,80.8127
4,54.6918
7,116.8224
5,92.8259
9,142.4791
2,71.7728
7,155.6593
6,66.7429
7,111.1641
9,195.3125
6,155.6247
4,74.1133
4,48.0439
6,84.4595
4,49.1573
7,79.3921
7,123.9377
5,87.1840
5,86.0903
5,81.4238
8,93.1967
4,101.7886
6,58.8780
11,240.3021
2,137.2818
2,48.0143
10,125.1565
2,82.7325
3,33.4736
7,152.0417
5,142.7406
4,74.4127
2,41.1740
2,32.4826
10,148.3365
4,115.8749
7,112.3956
10,174.4331
6,108.3088
7,94.9925
5,72.7046
5,77.7432
3,64.3856
4,52.1648
6,107.0991
2,65.9942
5,44.3909
7,73.8553
7,144.5385
3,48.9339
5,85.7423
7,184.8429
3,75.7412
2,42.1814
7,93.2215
9,140.3931
7,128.5819
7,119.5355
4,110.6544
3,49.1332
6,70.2106
7,177.0807
4,71.7213
3,49.8789
5,62.0953
11,191.4661
6,146.9045
5,68.3327
8,102.7448
6,93.8212
5,68.0206
5,71.8981
3,58.3625
4,46.1224
3,62.8818
4,40.5351
6,95.8773
6,68.9248
10,163.5132
7,108.9833
3,88.3392
6,77.5022
6,71.5893
7,125.4256
5,76.3276
6,77.3652
4,72.8105
6,83.2739
11,199.9429
3,141.8727
3,54.2005
4,39.6915
5,66.9152
3,61.4412
9,138.5316
2,80.9904
3,40.3877
5,57.1895
5,96.2596
6,76.2112
6,128.7475
8,91.0747
5,148.5884
5,67.9678
3,48.5269
3,46.9326
4,44.6542
2,39.0756
10,190.5799
6,94.0987
6,119.5151
6,73.3368
7,105.9803
5,75.4148
3,59.2718
1,40.5868
7,78.1076
8,122.9148
6,116.6084
8,112.4317
4,95.9561
2,40.9213
4,41.7387
4,59.6710
5,46.2749
3,49.9109
4,42.9106
7,85.1892
8,120.8355
6,123.4350
4,81.5376
1,35.1971
6,52.7267
8,233.7229
4,143.2665
4,42.2782
1,31.7432
8,129.2467
6,117.2333
3,65.7277
5,56.0942
4,45.3162
6,77.7519
6,78.0640
8,218.6817
2,61.2531
4,42.3754
9,115.0937
3,72.4413
3,59.5086
8,148.3365
4,81.1124
11,180.9253
6,122.1427
8,141.3000
3,84.6638
4,44.3094
5,59.7831
5,85.4701
6,99.6158
5,74.9224
5,114.3230
3,54.0040
4,42.6257
5,65.2924
4,83.3532
2,50.2693
4,31.2570
8,160.2564
6,83.0466
3,62.8818
3,52.8382
3,41.4864
3,34.5918
1,26.2782
4,31.6470
5,47.1984
3,219.7112
6,56.0090
5,112.6851
6,66.0502
3,64.1437
5,53.8959
5,58.2121
6,75.7166
2,59.3472
7,98.4667
6,137.9039
6,66.7366
4,109.6148
10,182.4342
5,126.8116
9,187.2659
3,77.0416
4,57.5753
3,71.1021
4,40.0916
4,58.0865
6,97.9295
3,63.9153
5,49.5505
6,66.5020
1,64.2320
4,39.0429
4,50.3488
2,44.1529
7,74.6826
0,0.0000
5,40.0572
6,62.9044
5,63.3140
10,214.4608
4,64.7668
8,106.9846
8,193.3168
7,181.7710
9,204.7981
8,111.0230
8,138.0943
7,139.3867
3,69.2042
6,66.6223
6,74.8583
9,117.4891
9,132.3001
4,64.0088
1,54.4366
4,41.4030
5,73.9176
5,59.1216
1,47.4255
4,37.7970
4,47.2622
4,74.5553
8,85.1064
8,107.2468
6,82.8206
7,133.5623
3,56.2385
5,61.8757
8,154.4231
2,54.9709
5,44.6742
6,68.0868
4,114.3044
5,63.8220
5,62.3330
9,112.3055
5,120.9190
6,66.2753
5,53.2360
9,143.5014
5,166.4289
7,123.2394
4,76.9738
4,56.9106
2,52.1960
4,40.4835
5,73.6300
4,60.9172
5,47.2558
8,117.5285
3,87.8404
8,102.7598
6,78.7667
6,139.5256
5,75.0992
4,59.7270
8,109.4263
6,103.2296
6,68.3727
8,90.8737
3,65.5615
3,60.3865
3,41.8485
3,34.7532
6,50.7909
4,70.4651
3,47.1412
10,128.6765
8,177.5748
4,72.2991
4,52.5249
3,73.4291
4,48.0406
7,115.8940
1,124.0475
5,45.0103
5,121.3382
3,55.0098
5,58.1202
5,71.4723
8,170.8150
4,69.4307
5,63.1029
2,51.4782
2,33.4352
6,86.5801
7,170.3578
8,116.2019
4,134.2282
6,91.7551
6,74.4681
1,97.4795
6,45.2840
7,133.6898
3,52.9021
9,159.6351
8,291.7882
5,85.7213
7,83.9228
6,88.2279
7,109.9074
6,74.2076
7,126.6281
6,79.3471
5,76.2112
5,51.9519
2,61.0501
4,52.1999
6,66.7620
3,63.1484
6,71.7140
7,118.5637
5,94.4032
4,61.8976
2,40.0160
7,78.8288
5,85.9318
3,71.5966
6,72.7575
6,126.1716
3,70.9867
5,46.8008
5,59.3472
5,73.4985
5,84.4900
4,53.5005
4,46.0557
6,81.9097
4,67.7835
5,88.4844
10,145.2583
3,165.2502
7,85.7633
3,68.4061
2,47.1571
5,41.7163
7,84.8176
11,306.8829
6,154.3890
5,50.3018
13,200.4582
9,178.2985
4,106.5774
4,53.7634
7,101.9368
7,96.7653
5,68.2927
6,70.9579
3,72.8560
10,250.6266
4,128.0410
8,164.3964
6,118.8455
5,66.3381
7,84.0134
1,48.8690
4,41.7362
4,50.9758
5,58.2605
3,58.6363
6,72.5840
12,155.4174
4,78.5105
10,212.4431
3,98.8980
5,49.3862
6,88.2724
9,169.9854
5,83.4725
4,69.1222
4,52.6593
4,69.2658
7,83.9933
7,153.6098
9,143.9737
7,106.5611
6,99.8146
5,81.9480
5,73.1911
4,78.2910
5,50.9313
5,83.2046
4,64.3501
5,53.3374
6,62.4665
13,511.6959
4,90.4393
1,37.3134
8,130.9635
5,238.0952
4,97.6835
6,60.0343
3,69.7906
5,53.5005
6,69.9650
3,102.9866
5,48.8759
4,65.2681
3,47.2430
6,64.5995
6,89.2971
4,77.4936
5,73.7230
6,79.9635
5,73.3907
4,91.8997
12,226.9044
3,59.3422
9,116.4726
7,122.4204
5,160.6610
2,48.4161
4,32.6996
4,54.7474
4,54.7517
2,54.5256
6,53.7717
6,72.0684
4,73.9254
6,62.3108
4,57.8465
5,77.1945
6,66.2252
6,76.4109
3,69.7072
5,65.7462
7,129.1990
4,69.5134
4,58.1154
7,141.6431
4,84.9308
10,219.5734
2,86.0479
4,48.0274
3,41.2468
6,80.9436
4,61.8703
4,48.0901
3,51.0055
8,176.4113
7,213.5448
9,142.9739
4,118.7850
3,54.7559
3,38.1471
3,46.1315
4,38.2305
3,55.8615
10,173.9995
4,72.3365
4,73.0384
4,67.9150
7,95.3938
7,157.8710
6,70.7214
7,173.3961
6,74.7704
3,73.9723
4,42.5558
7,76.5948
3,67.2043
2,55.9955
9,164.2807
5,79.0425
7,115.8557
8,119.2301
9,154.8673
5,80.6452
5,83.9530
9,212.6367
6,132.1503
5,71.4723
3,60.5851
6,65.1587
7,86.8486
6,137.8767
3,64.0908
3,62.0073
5,52.4266
6,56.5154
2,58.4063
5,50.2116
8,160.4768
2,51.8211
7,80.6080
8,128.9134
7,103.3210
7,118.0040
7,151.3513
1,39.4611
9,145.2583
4,100.0286
7,105.5489
7,139.2758
6,131.0125
4,67.4569
4,46.4468
9,105.4217
3,99.6725
4,44.6429
4,56.2294
5,61.7066
3,61.3927
1,33.8737
6,51.2220
7,92.5069
6,82.0056
4,81.2159
5,57.1942
3,43.9616
2,40.0297
5,42.1408
8,98.0530
7,112.1076
6,101.7590
1,54.6704
4,41.4128
5,46.1498
4,54.3394
7,209.8950
5,107.0500
5,67.1141
6,101.3171
5,70.4651
4,64.7010
5,80.7289
5,77.5451
4,57.7272
8,116.4726
5,99.8858
4,56.2927
7,87.9950
2,54.4832
5,56.1753
5,81.5471
6,149.1583
7,98.3561
5,99.6725
1,51.4857
4,33.7317
6,79.6631
8,105.5329
7,126.2171
