Sep 11, 2016 07:52:31
PROG: Sep 11 2016, 07:48:26
RTC: 2016/9/11-7:52:29,
CLICKS, MaxCPM5
600000
1,72.8686
600000
5,34.0599
600000
7,79.6601
600000
9,393.7008
600000
7,69.6056
600000
6,67.0691
600000
4,39.5987
600000
6,54.9350
600000
12,152.4390
600000
6,121.6052
600000
7,66.8300
600000
1,37.9219
600000
6,61.0998
600000
3,44.6495
600000
6,46.9043
600000
10,167.2241
600000
4,74.0741
600000
3,43.5730
600000
4,29.7265
600000
5,71.0732
600000
9,110.6603
600000
6,88.1575
600000
7,90.0630
600000
3,39.9042
600000
6,50.2092
600000
1,26.6453
600000
2,18.5586
600000
3,17.3360
600000
5,51.0986
600000
7,77.5996
600000
3,29.8745
600000
3,44.8163
600000
0,0.0000
600000
4,14.8669
600000
8,66.7260
600000
4,37.0416
600000
4,32.5521
600000
8,107.8749
600000
5,64.9632
600000
3,42.9185
600000
6,45.3652
600000
8,85.8615
600000
5,67.9348
600000
2,32.8875
600000
1,18.2006
600000
5,46.2392
600000
9,407.0556
600000
8,97.8793
600000
4,40.6394
600000
3,35.9109
600000
4,49.3583
600000
4,31.3578
600000
3,23.5294
600000
9,172.0183
600000
4,53.6769
600000
8,209.9370
600000
2,28.9491
600000
4,24.2994
600000
2,30.0903
LONG 600000, 10000, 603445, 3444
600000
10000
600000
3,22.0621
600000
4,29.8478
600000
1,32.1647
600000
6,145.9854
600000
4,36.1664
600000
7,165.0165
600000
8,113.8520
600000
5,59.8325
600000
7,63.1712
600000
5,69.7026
600000
4,63.0252
600000
2,24.8201
600000
4,28.1981
600000
3,27.3473
600000
5,35.7867
600000
4,51.1073
600000
7,117.1417
600000
4,36.4742
600000
7,98.1354
600000
6,65.0759
600000
5,44.7094
600000
5,51.1858
600000
1,32.7011
600000
6,119.5219
600000
3,82.2368
600000
3,23.4302
600000
4,31.7360
600000
6,61.1621
600000
5,47.9616
600000
5,71.5820
600000
4,39.4633
600000
8,115.8749
600000
4,40.4204
600000
4,35.5534
600000
9,179.5332
600000
4,44.0076
600000
8,104.0222
600000
4,40.2307
600000
6,45.3241
600000
5,67.5980
600000
3,43.6681
600000
3,29.8389
600000
5,36.6122
600000
3,29.8864
600000
3,52.9101
600000
7,60.6428
600000
4,48.0307
600000
4,57.0017
600000
3,33.0943
600000
4,27.5761
600000
7,72.8686
600000
4,103.5554
600000
5,54.6946
600000
4,34.0638
600000
7,127.6053
600000
8,113.7225
600000
6,66.9942
600000
6,63.2244
600000
4,38.7547
600000
6,61.4754
LONG 600000, 10000, 1203446, 603445
600000
10000
600000
6,91.0194
600000
3,32.4289
600000
1,23.5756
600000
4,17.2970
600000
5,109.2896
600000
2,26.6146
600000
8,96.4010
600000
7,162.3377
600000
8,196.5924
600000
7,76.1808
600000
6,130.7189
600000
6,52.0291
600000
6,69.8975
600000
2,39.7298
600000
4,30.4569
600000
6,51.7241
600000
5,36.2625
600000
4,40.4204
600000
4,43.5477
600000
3,27.3548
600000
7,56.5824
600000
2,62.6828
600000
4,26.7404
600000
6,45.0924
600000
6,81.2348
600000
6,60.8519
600000
5,31.9115
600000
7,167.0379
600000
5,145.7018
600000
2,31.3545
600000
8,194.3005
600000
3,87.3108
600000
7,65.9196
600000
4,39.0269
600000
4,57.4383
600000
6,64.4192
600000
1,55.7517
600000
7,57.6258
600000
5,52.6501
600000
4,31.3939
600000
8,123.2539
600000
8,91.8274
600000
7,88.6525
600000
5,92.2509
600000
10,231.8393
600000
3,31.1656
600000
11,154.0832
600000
2,40.4476
600000
4,31.1236
600000
6,61.8047
600000
6,164.4737
600000
5,42.6925
600000
6,63.6267
600000
2,42.0168
600000
3,17.8285
600000
9,116.7770
600000
6,66.2691
600000
2,27.0343
600000
8,131.8102
600000
6,79.7872
LONG 600000, 10000, 1803447, 1203446
600000
10000
600000
7,48.9716
600000
6,128.9214
600000
3,31.2793
600000
8,90.7990
600000
5,66.9344
600000
3,37.2301
600000
3,26.2444
600000
7,115.6515
600000
3,25.0543
600000
5,47.6039
600000
6,51.7598
600000
9,135.6239
600000
4,41.3736
600000
8,146.6276
600000
2,84.3645
600000
1,15.4799
600000
6,54.0249
600000
1,21.5486
600000
5,36.0404
600000
8,97.1188
600000
5,46.6781
600000
7,61.5385
600000
10,264.5503
600000
3,70.6547
600000
3,31.2240
600000
5,60.9385
600000
4,58.7314
600000
3,23.7285
600000
5,42.4568
600000
8,82.2594
600000
1,22.0038
600000
4,31.9761
600000
1,18.0549
600000
2,15.1799
600000
6,404.3127
600000
2,24.5761
600000
4,61.4251
600000
6,75.0000
600000
3,30.7503
600000
5,44.7761
600000
2,26.3505
600000
5,54.2692
600000
6,80.2139
600000
2,38.0084
600000
7,63.3312
600000
9,273.9726
600000
9,146.5559
600000
3,39.2927
600000
9,80.1496
600000
7,130.8900
600000
3,48.8043
600000
8,69.1882
600000
2,48.0000
600000
7,82.8043
600000
7,77.4593
600000
4,53.9665
600000
5,39.4322
600000
6,86.6301
600000
8,154.1624
600000
3,43.3276
LONG 600000, 10000, 2403448, 1803447
600000
10000
600000
2,24.8653
600000
5,46.5839
600000
9,310.5590
600000
4,36.7782
600000
10,137.8043
600000
10,149.4024
600000
3,25.6981
600000
9,172.2158
600000
9,119.4268
600000
5,55.7000
600000
2,32.9924
600000
8,64.4468
600000
7,98.2318
600000
7,64.3363
600000
5,71.8391
600000
2,25.1193
600000
6,48.2548
600000
5,52.3834
600000
5,144.0230
600000
5,36.4034
600000
9,140.9112
600000
3,97.7836
600000
5,36.1011
600000
7,143.6094
600000
5,36.0707
600000
8,122.1001
600000
6,84.0336
600000
5,65.7462
600000
5,56.5611
600000
4,39.1032
600000
3,32.5627
600000
7,57.4163
600000
4,36.1011
600000
3,61.7411
600000
3,23.4338
600000
3,23.5110
600000
8,139.6648
600000
7,88.5217
600000
3,46.2463
600000
3,26.7332
600000
5,41.7944
600000
4,34.0175
600000
6,54.1321
600000
2,47.0072
600000
8,96.2773
600000
1,61.4125
600000
6,70.1098
600000
5,34.9365
600000
4,51.9751
600000
6,91.1300
600000
7,66.5927
600000
3,70.4887
600000
1,19.1791
600000
4,24.4958
600000
5,58.0271
600000
7,60.2652
600000
2,54.8747
600000
5,36.7737
600000
3,68.8547
600000
9,77.3196
LONG 600000, 10000, 3003449, 2403448
600000
10000
600000
5,50.2513
600000
5,51.8762
600000
1,34.9121
600000
4,19.0464
600000
3,23.6388
600000
11,119.9041
600000
4,54.0735
600000
4,30.9406
600000
2,17.9329
600000
9,121.0165
600000
4,54.4959
600000
5,39.5049
600000
4,49.4641
600000
8,96.8367
600000
4,84.3645
600000
5,78.7402
600000
9,131.0616
600000
2,57.0342
600000
4,33.4039
600000
2,46.4109
600000
10,127.7683
600000
7,89.2857
600000
2,25.0188
600000
9,117.0503
600000
7,110.8647
600000
2,38.2507
600000
2,16.6187
600000
5,44.9708
600000
5,42.0050
600000
4,47.4533
600000
1,19.2914
600000
6,152.2070
600000
7,100.4352
600000
6,65.8039
600000
4,28.1083
600000
3,93.8673
600000
4,37.7311
600000
7,114.5475
600000
7,173.5107
600000
5,90.6071
600000
6,73.7826
600000
5,84.6024
600000
4,38.0132
600000
3,32.3067
600000
4,29.8864
600000
6,60.0721
600000
3,25.1995
600000
7,92.6784
600000
4,35.9971
600000
7,134.7709
600000
5,48.4262
600000
7,153.6885
600000
3,36.2889
600000
6,57.2956
600000
2,22.6176
600000
7,55.8971
600000
7,88.2094
600000
5,58.4795
600000
4,78.9682
600000
6,44.4576
LONG 600000, 10000, 3603450, 3003449
600000
10000
600000
3,47.1995
600000
5,69.2521
600000
2,42.5532
600000
4,27.0003
600000
5,49.0918
600000
5,60.3865
600000
5,38.7647
600000
2,58.1734
600000
6,85.2031
600000
7,78.6164
600000
3,32.5098
600000
5,48.2859
600000
10,135.0135
600000
5,86.6301
600000
3,32.5344
600000
6,51.4403
600000
5,81.0154
600000
3,64.8929
600000
6,56.4122
600000
5,47.1476
600000
6,64.5439
600000
3,61.9707
600000
7,177.5148
600000
8,110.0514
600000
2,30.6029
600000
6,53.9084
600000
6,233.6449
600000
11,409.8361
600000
4,52.5302
600000
6,44.3131
600000
4,49.0998
600000
7,86.6551
600000
5,70.5550
600000
5,83.3102
600000
7,99.6678
600000
6,91.5751
600000
1,24.6548
600000
2,18.3128
600000
4,19.8860
600000
6,110.6195
600000
4,63.4652
600000
4,28.3099
600000
6,66.3277
600000
3,63.4652
600000
4,25.4044
600000
1,21.7171
600000
8,181.2689
600000
6,298.5075
600000
10,102.8807
600000
4,91.2409
600000
8,87.4891
600000
6,98.8794
600000
7,47.6417
600000
6,73.5114
600000
5,64.5300
600000
7,120.2887
600000
5,50.0250
600000
7,92.3930
600000
4,66.7705
600000
2,18.6997
LONG 600000, 10000, 4203451, 3603450
600000
10000
600000
6,47.2962
600000
8,165.2893
600000
6,119.9041
600000
2,37.5375
600000
5,32.3276
600000
4,74.0924
600000
8,74.1290
600000
6,89.3389
600000
4,192.1845
600000
6,114.8106
600000
6,57.9934
600000
1,20.8928
600000
1,18.5254
600000
7,40.7775
600000
6,68.3216
600000
2,38.7347
600000
4,21.5069
600000
8,107.6813
600000
11,101.9715
600000
8,197.8892
600000
3,36.1882
600000
3,27.3299
600000
4,29.0163
600000
5,40.5296
600000
1,24.5922
600000
4,21.0704
600000
7,69.1404
600000
2,34.7907
600000
6,66.1813
600000
4,65.8906
600000
6,72.7097
600000
2,25.8554
600000
9,118.5771
600000
7,88.4695
600000
4,35.6761
600000
5,51.1858
600000
2,25.1868
600000
2,19.3711
600000
7,58.7659
600000
7,62.8799
600000
4,43.0663
600000
3,31.3316
600000
5,52.8728
600000
8,116.3242
600000
4,115.9196
600000
4,23.0982
600000
5,90.7716
600000
3,27.9642
600000
9,234.3750
600000
11,217.3913
600000
2,33.9021
600000
1,15.9303
600000
2,15.3382
600000
6,49.4153
600000
4,40.3388
600000
3,27.2603
600000
4,28.3099
600000
2,33.7420
600000
6,48.8281
600000
5,62.5782
LONG 600000, 10000, 4803452, 4203451
600000
10000
600000
4,35.4233
600000
4,61.5764
600000
5,41.0509
600000
3,34.8675
600000
10,130.3215
600000
5,46.1042
600000
3,58.9507
600000
5,38.9965
600000
5,46.5116
600000
8,80.7103
600000
5,63.8842
600000
5,38.2604
600000
5,80.0854
600000
3,25.5428
600000
6,67.8119
600000
9,149.7006
600000
8,217.0767
600000
9,88.5478
600000
10,104.9318
600000
6,170.6485
600000
7,120.8703
600000
5,65.4736
600000
5,60.6061
600000
7,84.8416
600000
7,84.2223
600000
4,35.4442
600000
6,48.2703
600000
4,59.9401
600000
1,32.4535
600000
16,301.5075
600000
3,46.7800
600000
5,41.6146
600000
10,124.8959
600000
7,72.1674
600000
7,160.0854
600000
0,0.0000
600000
8,335.1955
600000
5,63.8434
600000
5,70.8215
600000
4,26.6999
600000
6,63.6672
600000
7,124.4813
600000
4,60.1805
600000
6,72.2543
600000
4,46.8750
600000
5,40.9948
600000
3,28.6999
600000
7,176.8868
600000
8,142.6533
600000
6,59.4413
600000
9,85.2757
600000
3,41.7130
600000
4,34.1686
600000
4,40.8552
600000
12,222.5519
600000
2,127.7683
600000
4,27.9070
600000
6,64.9913
600000
7,76.0649
600000
5,83.7755
LONG 600000, 10000, 5403453, 4803452
600000
10000
600000
4,39.6616
600000
5,37.9603
600000
4,42.1053
600000
8,140.9112
600000
6,48.5673
600000
5,39.9840
600000
4,33.4076
600000
2,45.2625
600000
3,22.3497
600000
8,68.2905
600000
10,101.2487
600000
3,38.1971
600000
6,66.0502
600000
5,79.0097
600000
7,72.7273
600000
6,56.4759
600000
9,86.8810
600000
7,88.4956
600000
4,62.0476
600000
4,31.5093
600000
5,46.3392
600000
4,50.4456
600000
6,80.9280
600000
7,52.9661
600000
4,43.4342
600000
8,114.3293
600000
5,51.5464
600000
3,45.7247
600000
7,79.4071
600000
5,39.7404
600000
4,48.4340
600000
3,28.4252
600000
5,42.3669
600000
4,32.4746
600000
6,62.4090
600000
4,43.6237
600000
2,31.0977
600000
4,32.7047
600000
6,147.3477
600000
4,51.8403
600000
2,26.3296
600000
15,269.0583
600000
5,120.0000
600000
6,213.8275
600000
3,42.7716
600000
5,45.2489
600000
2,60.9508
600000
6,226.5861
600000
5,57.1102
600000
8,135.9927
600000
7,88.8362
600000
5,61.2870
600000
6,83.3333
600000
5,65.7606
600000
5,59.1716
600000
2,29.4927
600000
6,59.8683
600000
5,67.7813
600000
9,88.4173
600000
4,59.9760
LONG 600000, 10000, 6003454, 5403453
600000
10000
600000
7,55.4426
600000
3,36.2144
600000
6,93.3416
600000
3,44.4181
600000
3,17.7117
600000
7,70.1590
600000
6,84.6740
600000
6,60.1926
600000
6,61.1746
600000
6,76.2583
600000
6,47.8622
600000
1,25.2972
600000
4,25.4712
600000
7,90.4977
600000
6,56.2114
600000
4,60.2652
600000
2,19.2653
600000
6,76.0071
600000
8,89.1530
600000
3,34.1997
600000
4,36.5898
600000
4,27.3249
600000
7,61.2620
600000
5,48.0307
600000
6,65.9921
600000
5,178.7843
600000
4,31.4005
600000
4,36.9731
600000
12,272.9754
600000
4,48.5280
600000
2,19.2308
600000
3,32.0068
600000
2,38.1777
600000
4,23.9464
600000
3,36.3504
600000
5,123.5585
600000
7,84.1043
600000
10,140.9112
600000
3,55.2283
600000
6,72.3764
600000
6,61.6903
600000
4,55.0964
600000
3,31.5027
600000
7,81.4996
600000
2,28.6889
600000
5,44.3525
600000
7,58.6166
600000
5,56.8289
600000
5,61.6903
600000
4,44.1956
600000
11,173.2102
600000
4,153.2176
600000
4,35.2858
600000
7,85.0099
600000
7,123.4060
600000
7,80.6452
600000
6,52.8262
600000
3,35.2900
600000
9,104.9685
600000
4,45.5512
LONG 600000, 10000, 6603455, 6003454
600000
10000
600000
5,77.2201
600000
10,173.4104
600000
8,111.2347
600000
8,63.0650
600000
7,95.6023
600000
7,78.0437
600000
6,53.6193
600000
2,37.2810
600000
4,39.4011
600000
3,28.1505
600000
7,90.0630
600000
5,58.3431
600000
7,95.3895
600000
6,73.9645
600000
8,73.3317
600000
5,54.7945
600000
4,59.5356
600000
6,48.6697
600000
4,55.2995
600000
5,117.6009
600000
6,102.6694
600000
5,158.1444
600000
7,38.1098
600000
5,46.3249
600000
2,31.7460
600000
6,69.7674
600000
6,90.8265
600000
3,23.3499
600000
7,76.5892
600000
3,48.2625
600000
7,65.2174
600000
8,104.7852
600000
6,101.3856
600000
6,69.6056
600000
4,69.4927
600000
5,46.2178
600000
6,111.8568
600000
2,47.7479
600000
5,42.7716
600000
5,52.5947
600000
5,50.5561
600000
7,96.8367
600000
3,24.7852
600000
2,19.7681
600000
4,42.3191
600000
5,40.9724
600000
4,45.1535
600000
8,114.6351
600000
4,39.4011
600000
4,40.1284
600000
3,33.8715
600000
3,20.6313
600000
3,29.3628
600000
7,100.1001
600000
3,49.5376
600000
3,23.7869
600000
6,41.1918
600000
4,65.8328
600000
7,255.1020
600000
4,54.6847
LONG 600000, 10000, 7203456, 6603455
600000
10000
600000
9,106.9900
600000
5,95.2683
600000
13,170.0680
600000
6,99.2720
600000
7,58.6854
600000
8,104.5661
600000
5,67.9964
600000
4,50.7528
600000
11,206.0440
600000
0,0.0000
600000
2,17.4815
600000
4,39.7825
600000
4,29.7826
600000
5,50.3694
600000
5,155.2795
600000
4,37.9027
600000
5,62.7221
600000
6,70.5384
600000
8,117.2333
600000
7,128.8660
600000
2,30.4847
600000
6,63.1446
600000
5,65.0759
600000
6,86.4803
600000
3,31.2924
600000
3,19.2493
600000
6,78.8644
600000
3,32.7047
600000
10,104.1305
600000
5,84.8656
600000
8,132.9787
600000
6,62.9195
600000
8,78.6370
600000
11,191.2046
600000
5,192.8021
600000
7,95.2381
600000
3,41.3052
600000
4,43.2963
600000
2,21.8723
600000
4,38.7047
600000
6,77.7001
600000
7,182.5928
600000
5,47.1402
600000
6,91.9118
600000
7,113.2931
600000
2,41.6898
600000
2,21.6873
600000
1,14.6021
600000
8,73.4214
600000
4,48.6539
600000
7,71.3267
600000
6,83.6820
600000
4,41.4594
600000
5,48.0538
600000
9,95.2986
600000
1,31.6389
600000
7,79.3861
600000
7,110.8647
600000
7,115.5179
600000
8,103.0220
LONG 600000, 10000, 7803457, 7203456
600000
10000
600000
7,97.4026
600000
6,59.1833
600000
7,65.0195
600000
6,86.7805
600000
1,60.3379
600000
3,19.8033
600000
1,13.9256
600000
2,12.8287
600000
8,136.0544
600000
12,183.4862
600000
4,39.8830
600000
6,86.5551
600000
5,36.1838
600000
4,41.3280
600000
4,37.3599
600000
4,34.2388
600000
6,53.3713
600000
6,80.6669
600000
6,58.1283
600000
4,36.0750
600000
6,48.5437
600000
3,36.6614
600000
8,169.6833
600000
8,118.5771
600000
5,53.2292
600000
5,43.0725
600000
6,66.1376
600000
4,29.0501
600000
5,42.7350
600000
6,86.9313
600000
11,98.2318
600000
3,78.2269
600000
10,127.3885
600000
2,42.1348
600000
6,61.7157
600000
6,132.2751
600000
7,52.7890
600000
5,159.4896
600000
6,38.5555
600000
7,69.8162
600000
5,59.8205
600000
7,78.3699
600000
9,113.4216
600000
5,54.0833
600000
7,104.0222
600000
9,193.6733
600000
2,39.0371
600000
7,160.0854
600000
8,85.9107
600000
5,67.1893
600000
9,130.0390
600000
8,95.4198
600000
1,19.5746
600000
6,59.6777
600000
0,0.0000
600000
2,14.0246
600000
6,51.2821
600000
3,56.2535
600000
5,44.8833
600000
5,76.1615
LONG 600000, 10000, 8403458, 7803457
600000
10000
600000
5,48.4574
600000
2,57.0885
600000
7,47.9080
600000
3,60.9880
600000
3,26.5229
600000
3,27.8164
600000
3,39.5831
600000
4,42.4148
600000
6,57.2192
600000
3,70.3235
600000
4,26.5346
600000
4,36.2494
600000
10,156.1687
600000
7,72.0288
600000
9,91.8274
600000
3,69.6217
600000
5,35.5324
600000
5,40.8497
600000
6,105.9322
600000
1,46.2250
600000
5,49.1320
600000
2,50.3863
600000
2,16.2619
600000
7,78.0234
600000
4,38.6399
600000
5,55.5453
600000
7,69.5249
600000
8,64.0068
600000
2,25.6695
600000
6,49.1159
600000
0,0.0000
600000
2,14.6071
600000
7,41.5053
600000
6,80.2568
600000
9,72.4288
600000
4,64.2261
600000
2,26.5346
600000
7,86.3309
600000
5,55.3812
600000
4,55.4426
600000
5,57.2628
600000
8,160.5136
600000
2,76.7067
600000
5,65.8328
600000
5,78.5958
600000
3,45.4683
600000
9,87.9250
600000
4,55.4631
600000
3,26.1188
600000
2,30.3306
600000
3,20.7440
600000
7,77.4994
600000
4,52.4017
600000
10,144.1614
600000
7,67.9810
600000
4,62.5652
600000
1,22.0929
600000
2,16.4817
600000
4,25.3443
600000
3,28.3768
LONG 600000, 10000, 9003459, 8403458
600000
10000
600000
8,89.2857
600000
3,47.0588
600000
4,33.6436
600000
5,67.6895
600000
9,96.9305
600000
4,116.5049
600000
5,30.3275
600000
3,105.9322
600000
5,86.4803
600000
4,71.6503
600000
3,22.2750
600000
3,28.4927
600000
4,39.5987
600000
5,38.4271
600000
6,97.3710
600000
3,36.8913
600000
3,26.3481
600000
1,17.8540
600000
6,61.3622
600000
4,56.7322
600000
2,36.6883
600000
6,38.6001
600000
5,60.0360
600000
5,38.6200
600000
4,36.2013
600000
4,38.4665
600000
4,36.5898
600000
3,28.5063
600000
3,21.3204
600000
7,60.6428
600000
5,59.2417
600000
8,92.7070
600000
4,66.9493
600000
6,61.8940
600000
4,55.7932
600000
4,29.0980
600000
5,54.9451
600000
6,62.7353
600000
1,50.1672
600000
10,111.3999
600000
7,102.4940
600000
1,27.4901
600000
4,26.1689
600000
2,32.3939
600000
2,12.3558
600000
1,10.8139
600000
8,87.3617
600000
2,39.9893
600000
5,72.0461
600000
5,47.4383
600000
3,31.6857
600000
6,46.9704
600000
8,85.3242
600000
2,50.2344
600000
4,23.2630
600000
6,87.8992
600000
6,51.0204
600000
2,28.7659
600000
4,30.1629
600000
6,100.5699
LONG 600000, 10000, 9603460, 9003459
600000
10000
600000
11,134.8315
600000
5,54.7445
600000
8,80.5802
600000
6,86.7554
600000
6,65.7030
600000
3,38.6200
600000
9,102.3891
600000
5,64.5717
600000
11,133.5113
600000
9,97.6563
600000
5,63.7213
600000
2,33.2853
600000
6,64.7249
600000
7,108.6957
600000
3,49.6771
600000
2,20.1234
600000
6,92.7644
600000
5,48.7409
600000
3,27.6574
600000
1,14.3109
600000
1,14.5553
600000
4,23.9025
600000
7,75.7385
600000
4,41.0341
600000
2,33.8066
600000
5,49.2449
600000
9,219.6193
600000
5,59.5948
600000
4,56.5824
600000
2,39.0930
600000
6,55.6896
600000
7,122.4490
600000
3,65.6025
600000
9,114.9425
600000
3,86.5801
600000
4,25.8621
600000
2,30.0060
600000
8,107.8361
600000
6,57.5816
600000
5,57.4383
600000
3,29.2512
600000
4,40.5789
600000
6,114.3729
600000
5,51.0899
600000
2,40.2630
600000
8,95.2986
600000
8,73.0638
600000
3,42.5351
600000
3,27.5837
600000
8,330.7608
600000
4,54.6747
600000
3,41.7188
600000
8,60.3743
600000
1,29.9640
600000
7,100.9761
600000
9,80.4290
600000
5,77.8008
600000
6,81.9225
600000
3,44.1891
600000
5,52.8541
LONG 600000, 10000, 10203461, 9603460
600000
10000
600000
3,26.1734
600000
7,70.7881
600000
2,51.9391
600000
5,82.8272
600000
8,129.1434
600000
6,97.6881
600000
3,102.3891
600000
8,119.0004
600000
1,39.4893
600000
4,17.1861
600000
5,41.6551
600000
3,96.8679
600000
5,41.8002
600000
3,31.3054
600000
5,65.0336
600000
1,31.7192
600000
4,22.7583
600000
1,28.2087
600000
3,15.4456
600000
5,97.4976
600000
6,55.6380
600000
4,51.3084
600000
9,158.0611
600000
8,74.2391
600000
2,35.9023
600000
6,138.1215
600000
5,46.8750
600000
6,116.4144
600000
9,90.9642
600000
6,91.4355
600000
4,22.2552
600000
10,195.6947
600000
6,63.8842
600000
3,72.7273
600000
4,25.5167
600000
9,150.1501
600000
1,57.6369
600000
7,49.4805
600000
5,164.5639
600000
7,119.3792
600000
3,41.7595
600000
5,47.7023
600000
0,0.0000
600000
7,38.4172
600000
7,92.8218
600000
7,98.2318
600000
10,171.5266
600000
7,131.1762
600000
3,44.9371
600000
1,24.2131
600000
7,66.0647
600000
7,90.4159
600000
7,56.5611
600000
4,35.4820
600000
4,38.4911
600000
3,53.4093
600000
4,22.1533
600000
3,35.6973
600000
8,77.9828
600000
5,44.1696
LONG 600000, 10000, 10803462, 10203461
600000
10000
600000
8,290.1354
600000
6,70.5550
600000
2,32.4535
600000
8,142.0455
600000
5,63.9522
600000
4,42.2357
600000
3,21.0822
600000
3,31.7864
600000
4,70.4887
600000
9,197.7587
600000
3,37.0462
600000
4,41.2428
600000
6,50.3018
600000
3,34.9203
600000
4,60.8643
600000
12,270.5140
600000
5,53.4093
600000
9,142.4501
600000
4,45.4133
600000
5,46.1609
600000
5,50.2260
600000
7,50.9424
600000
3,54.5355
600000
8,116.5501
600000
12,144.1614
600000
8,203.5278
600000
7,126.0504
600000
7,91.0194
600000
6,45.2625
600000
3,64.0342
600000
8,124.3266
600000
8,72.7449
600000
8,90.9366
600000
5,64.7110
600000
2,39.4477
600000
3,16.9991
600000
11,182.9268
600000
5,59.1133
600000
3,46.2535
600000
9,125.9975
600000
9,198.4127
600000
6,82.9417
600000
6,62.5261
600000
4,55.8659
600000
3,49.7100
600000
7,79.8297
600000
4,42.8082
600000
7,86.5551
600000
6,71.4796
600000
4,38.0662
600000
5,42.1289
600000
5,59.2651
600000
8,104.2753
600000
4,86.8056
600000
5,50.2428
600000
8,71.9424
600000
3,104.0583
600000
4,24.4180
600000
4,35.3565
600000
6,46.5405
LONG 600000, 10000, 11403463, 10803462
600000
10000
600000
3,52.2284
600000
6,104.8218
600000
1,24.9605
600000
7,49.8836
600000
6,89.7398
600000
9,108.3815
600000
8,186.2197
600000
12,154.7189
600000
7,86.3061
600000
6,68.7128
600000
4,54.1321
600000
10,303.3367
600000
2,42.9492
600000
7,61.7538
600000
6,85.8615
600000
6,102.8454
600000
1,46.4612
600000
4,19.6993
600000
4,54.0930
600000
2,31.2402
600000
3,19.1522
600000
4,43.1282
600000
5,55.9806
600000
11,162.8665
600000
5,62.1247
600000
8,52.6039
600000
5,102.9513
600000
6,60.8643
600000
2,35.9109
600000
5,67.2797
600000
8,68.6656
600000
8,86.6802
600000
7,146.6276
600000
3,41.5916
600000
2,23.8322
600000
5,124.2751
600000
2,29.3657
600000
6,64.7808
600000
3,76.6479
600000
2,20.6044
600000
2,20.1099
600000
4,25.4929
600000
4,23.6649
600000
6,68.0426
600000
5,50.4881
600000
4,35.9281
600000
3,41.0959
600000
6,55.7207
600000
2,82.9187
600000
12,149.1054
600000
7,157.6458
600000
5,63.4384
600000
9,146.1988
600000
5,66.2398
600000
6,124.5847
600000
9,194.3005
600000
8,90.3614
600000
5,70.0935
600000
5,41.7886
600000
4,57.1537
LONG 600000, 10000, 12003464, 11403463
600000
10000
600000
0,0.0000
600000
1,14.7660
600000
6,59.6066
600000
3,29.3141
600000
5,75.0188
600000
8,153.7673
600000
9,87.3108
600000
4,44.5500
600000
7,56.8074
600000
6,53.6097
600000
6,88.9680
600000
6,122.7496
600000
3,32.7618
600000
8,70.0117
600000
4,39.6092
600000
5,58.9159
600000
6,43.4279
600000
9,142.1801
600000
3,79.2812
600000
8,171.5266
600000
3,53.3239
600000
6,46.5261
600000
7,71.0059
600000
1,24.6832
600000
3,20.3335
600000
5,36.5186
600000
5,66.8003
600000
7,120.4336
600000
5,38.1001
600000
6,133.0967
600000
7,121.1143
600000
2,28.7687
600000
11,154.0041
600000
4,54.6647
600000
1,31.2761
600000
4,17.2941
600000
5,41.5167
600000
5,54.1223
600000
3,38.0517
600000
4,32.7941
600000
4,36.3196
600000
6,49.7760
600000
2,25.5754
600000
6,73.0816
600000
2,43.4468
600000
2,21.8898
600000
3,20.0227
600000
4,25.0438
600000
7,135.0743
600000
11,152.9052
600000
11,160.4278
600000
5,60.6183
600000
6,166.3894
600000
3,32.9924
600000
10,166.8520
600000
6,82.4629
600000
7,74.1290
600000
7,68.3683
600000
4,75.3958
600000
3,25.9538
LONG 600000, 10000, 12603465, 12003464
600000
10000
600000
7,92.7644
600000
7,96.3082
600000
6,109.1703
600000
6,55.5350
600000
13,168.8239
600000
5,91.2131
600000
2,31.7662
600000
5,79.3021
600000
6,41.5397
600000
4,45.6899
600000
2,23.6518
600000
5,60.0601
600000
7,72.2196
600000
3,54.7046
600000
5,43.6110
600000
2,27.8164
600000
10,90.1713
600000
6,65.9486
600000
6,69.7674
600000
5,99.3707
600000
8,96.3391
600000
4,36.4742
600000
7,89.8473
600000
7,249.1694
600000
9,153.7673
600000
2,36.1620
600000
5,39.8883
600000
8,86.4803
600000
8,77.9828
600000
5,66.6963
600000
9,187.8522
600000
6,66.1667
600000
7,63.9250
600000
7,67.3854
600000
5,116.0991
600000
4,52.1014
600000
6,66.3717
600000
7,149.1054
600000
11,143.6094
600000
6,61.9963
600000
5,50.6586
600000
3,65.1749
600000
6,134.8921
600000
6,117.5549
600000
6,69.2042
600000
6,52.0201
600000
8,74.1840
600000
4,40.5022
600000
4,26.1643
600000
5,147.3477
600000
5,37.4859
600000
11,108.8139
600000
6,78.1861
600000
7,142.0455
600000
4,45.3309
600000
3,22.6449
600000
3,30.2115
600000
5,50.6586
600000
5,52.1648
600000
6,53.6001
LONG 600000, 10000, 13203466, 12603465
600000
10000
600000
4,38.0132
600000
6,52.3743
600000
3,53.1915
600000
4,29.8240
600000
4,35.2609
600000
5,46.6273
600000
6,263.6204
600000
4,76.1808
600000
10,291.2622
600000
2,49.8422
600000
4,24.8468
600000
4,23.9292
600000
5,58.1846
600000
4,29.3198
600000
3,60.7656
600000
5,32.2963
600000
3,36.1054
600000
2,31.7898
600000
7,64.3363
600000
3,58.2185
600000
7,93.5746
600000
5,58.3317
600000
4,41.4307
600000
9,100.0000
600000
5,76.9231
600000
4,39.9787
600000
6,58.3090
600000
6,105.1525
600000
6,73.9645
600000
7,112.5281
600000
3,28.0610
600000
3,30.7157
600000
6,77.4593
600000
4,65.5594
600000
8,124.2236
600000
4,42.5774
600000
5,65.1891
600000
3,34.0406
600000
5,39.3391
600000
4,54.5554
600000
5,33.9213
600000
3,77.2201
600000
5,39.0523
600000
3,33.1455
600000
5,54.5554
600000
6,87.6168
600000
3,64.6273
600000
5,57.2847
600000
5,100.2004
600000
4,47.3560
600000
9,154.9587
600000
5,45.0180
600000
7,130.2649
600000
2,58.9159
600000
4,22.3248
600000
10,154.2416
600000
3,59.2534
600000
3,28.9045
600000
7,70.9388
600000
6,67.5372
LONG 600000, 10000, 13803467, 13203466
600000
10000
600000
4,42.8816
600000
1,21.7470
600000
7,73.5294
600000
4,43.8982
600000
3,30.6247
600000
4,26.1597
600000
7,88.2353
600000
9,120.5303
600000
5,181.2689
600000
5,59.9161
600000
4,53.0035
600000
6,67.0841
600000
5,80.4937
600000
8,104.7852
600000
5,96.0000
600000
1,25.6783
600000
1,18.1873
600000
5,41.2428
600000
0,0.0000
600000
4,17.6067
600000
4,42.3012
600000
8,101.4885
600000
6,59.3120
600000
5,53.1067
600000
7,88.8626
600000
6,60.3258
600000
10,123.8135
600000
7,77.2201
600000
3,33.3890
600000
7,82.4856
600000
4,143.3349
600000
8,66.2691
600000
4,52.9101
600000
4,46.6853
600000
7,106.0071
600000
9,97.4659
600000
7,93.0810
600000
9,312.1748
600000
6,116.8679
600000
4,34.2857
600000
6,58.6510
600000
8,115.1632
600000
11,144.1614
600000
9,126.1564
600000
4,30.0842
600000
10,155.8442
600000
8,88.6787
600000
6,97.7836
600000
4,28.6041
600000
7,51.9841
600000
2,37.9651
600000
6,47.4608
600000
9,227.2727
600000
8,121.6545
600000
5,79.5334
600000
3,36.2801
600000
3,30.6341
600000
3,38.0711
600000
3,17.4672
600000
2,31.3808
LONG 600000, 10000, 14403468, 13803467
600000
10000
600000
3,28.6178
600000
6,99.8668
600000
5,46.5549
600000
6,55.8659
600000
7,236.2205
600000
9,230.5919
600000
6,50.0668
600000
5,57.6701
600000
5,78.6576
600000
4,37.3785
600000
5,45.6343
600000
6,85.7878
600000
4,30.9246
600000
6,80.6235
600000
7,73.2780
600000
4,53.0316
600000
2,30.8040
600000
4,23.4265
600000
9,166.4817
600000
8,92.3361
600000
3,28.6506
600000
4,46.4037
600000
4,45.9277
600000
3,34.2192
600000
5,47.9540
600000
7,64.1986
600000
7,80.2998
600000
5,47.7631
600000
5,65.3452
600000
7,74.6826
600000
9,277.5208
600000
8,129.4778
600000
10,110.5787
600000
5,63.6672
600000
6,67.1441
600000
2,28.0295
600000
6,53.1915
600000
6,68.3371
600000
5,109.0513
600000
6,55.0863
600000
11,266.9039
600000
7,141.7769
600000
3,56.9584
600000
3,22.6023
600000
2,25.4755
600000
6,85.3971
600000
5,42.9799
600000
3,60.0601
600000
2,16.6150
600000
4,42.7838
600000
3,26.7189
600000
3,23.8171
600000
6,364.0777
600000
5,45.9067
600000
7,142.6533
600000
5,51.3699
600000
4,56.3486
600000
9,136.5498
600000
5,59.3003
600000
7,82.3949
LONG 600000, 10000, 15003469, 14403468
600000
10000
600000
7,175.0292
600000
6,109.2498
600000
5,52.6963
600000
4,35.7058
600000
6,59.7015
600000
1,23.6986
600000
3,19.8334
600000
2,18.0429
600000
5,53.8890
600000
5,59.2300
600000
4,38.9358
600000
2,37.2902
600000
6,99.7340
600000
4,37.5094
600000
7,60.0601
600000
7,96.2773
600000
4,50.4881
600000
3,31.2077
600000
5,34.5344
600000
6,89.4188
600000
7,117.3709
600000
8,137.6147
600000
3,68.9497
600000
4,28.5388
600000
5,63.2778
600000
5,72.7626
600000
9,122.4490
600000
10,143.8849
600000
8,102.5992
600000
6,52.0382
600000
3,36.9504
600000
9,533.8078
600000
3,105.3001
600000
5,101.6949
600000
3,55.8763
600000
7,84.5309
600000
7,68.1044
600000
4,100.1335
600000
3,30.1477
600000
7,75.2445
600000
6,77.0812
600000
8,85.7388
600000
4,63.6672
600000
6,51.7688
600000
4,62.5391
600000
8,68.6185
600000
6,77.2798
600000
6,85.3485
600000
5,73.7101
600000
5,42.0109
600000
1,27.6957
600000
6,173.1102
600000
1,19.3661
600000
3,16.5216
600000
2,21.1670
600000
11,135.5626
600000
10,132.8021
600000
2,59.0087
600000
2,26.8865
600000
4,24.9854
LONG 600000, 10000, 15603470, 15003469
600000
10000
600000
8,138.6963
600000
7,50.8388
600000
6,91.2409
600000
4,66.7705
600000
8,77.8210
600000
2,39.3236
600000
4,25.6915
600000
9,83.5655
600000
4,80.4290
600000
4,36.3284
600000
2,24.2994
600000
9,152.9052
600000
4,44.2282
600000
5,80.9062
600000
3,33.6021
600000
6,65.4450
600000
3,39.4374
600000
2,19.6104
600000
8,102.8454
600000
6,88.6001
600000
6,88.6263
600000
9,404.8583
600000
1,47.0662
600000
6,39.6197
600000
6,88.0024
600000
5,66.1230
600000
4,44.8766
600000
7,53.5906
600000
10,107.8361
600000
11,201.8842
600000
5,72.8509
600000
8,88.0799
600000
8,66.7854
600000
6,79.1139
600000
8,103.9861
600000
2,74.5157
600000
1,22.4349
600000
1,12.4409
600000
5,45.8996
600000
5,46.8019
600000
2,46.4396
600000
5,36.6435
600000
4,30.4847
600000
7,70.9555
600000
5,68.1818
600000
5,41.5167
600000
7,68.0426
600000
4,49.8008
600000
6,84.1043
600000
4,36.9322
600000
7,134.1082
600000
3,38.2555
600000
4,24.7995
600000
7,78.9058
600000
7,68.1663
600000
10,100.4689
600000
9,126.4756
600000
5,106.1196
600000
5,87.3871
600000
6,58.0608
LONG 600000, 10000, 16203471, 15603470
600000
10000
600000
12,160.8579
600000
5,69.3802
600000
4,58.1621
600000
6,82.5537
600000
5,68.6656
600000
7,186.3354
600000
10,111.9821
600000
4,70.9555
600000
6,71.9252
600000
5,50.3694
600000
6,57.6258
600000
6,56.6465
600000
7,93.6914
600000
5,65.2600
600000
6,72.0115
600000
7,69.3161
600000
6,118.3432
600000
3,22.5581
600000
5,59.0087
600000
8,136.3636
600000
6,63.3714
600000
2,62.1247
600000
4,23.0432
600000
5,70.0117
600000
7,81.0592
600000
8,97.8793
600000
4,32.4921
600000
3,45.4545
600000
9,204.2206
600000
5,42.6682
600000
4,66.5188
600000
5,54.1712
600000
11,148.7357
600000
6,118.9532
600000
3,27.0856
