CLICKS, MaxCPM7
2,203.3111
7,101.7442
7,79.1676
4,98.9959
5,58.6265
6,82.8402
8,166.8653
9,154.0493
8,149.2537
5,76.6032
4,70.0000
7,84.0437
3,90.6971
5,50.5817
1,31.7763
6,66.2252
6,93.0233
3,89.8473
7,119.3521
7,105.2157
5,161.2532
2,63.7813
7,83.9832
9,142.6243
3,58.3139
5,64.4211
5,73.3061
4,66.8577
5,67.0049
5,71.8760
6,74.2233
3,63.9328
10,91.7672
6,153.6098
5,59.6964
3,61.5872
6,63.0801
6,76.9738
5,94.6330
6,69.3756
2,66.2691
2,38.8544
6,60.4125
5,94.1113
7,93.7458
7,120.1304
7,180.1802
5,95.2511
13,173.9130
5,127.7372
3,46.4499
4,46.0617
3,42.3549
8,120.4819
7,115.3403
3,80.4136
4,50.9424
7,93.2836
5,64.5935
7,74.6428
5,92.9491
6,64.5816
5,91.1221
4,62.4275
5,73.4985
4,46.8040
3,44.0556
7,127.2265
6,109.8212
7,95.3289
4,75.6675
3,50.5525
2,35.7562
2,27.4510
5,40.9022
6,86.2281
8,135.7642
7,100.5603
3,106.3830
3,49.2576
7,76.8893
3,78.9711
6,83.0368
3,101.0539
6,61.5439
7,111.1464
5,100.0572
7,134.6672
2,62.5950
7,90.8383
5,95.9036
5,56.6618
6,69.4858
5,74.0192
2,103.8422
9,140.8451
5,131.9261
9,98.3699
6,86.0479
5,73.6920
5,89.7436
7,98.5499
5,82.2562
9,164.0112
2,53.2846
2,36.9744
2,22.5741
5,79.9269
4,62.9780
4,75.0027
5,54.1335
11,278.8845
8,118.7044
12,223.3567
8,170.3992
8,118.6843
4,105.2790
2,55.9955
3,31.8878
7,143.9145
6,109.1533
4,60.8273
6,67.5610
2,56.0224
2,38.8997
2,27.9709
4,37.8440
5,47.9879
5,111.1817
6,66.0502
7,135.5014
2,67.0370
3,34.0401
6,89.6287
8,148.4309
7,195.4216
6,69.8463
4,73.9567
7,88.0171
3,57.7701
5,67.2366
3,54.2341
1,29.4204
6,85.2827
6,64.4152
5,89.7896
4,59.0418
1,43.2179
5,44.2198
9,136.2663
7,93.3707
4,88.8663
4,75.0429
7,75.9301
6,84.6843
4,109.8556
5,58.7643
3,58.6609
5,71.6919
3,71.1310
7,99.3049
5,157.6576
2,65.8514
4,35.7928
5,65.9755
5,117.2922
3,54.1000
5,75.4473
6,71.0083
3,100.1287
4,41.8560
2,38.5314
5,44.1028
7,84.7355
7,133.0798
5,77.3652
1,47.9682
3,29.6485
6,74.6507
6,86.3984
7,116.4338
8,131.3814
3,88.9454
2,36.7184
3,28.6756
0,0.0000
6,35.5908
5,75.4148
1,35.0824
6,91.5751
7,78.0901
3,47.3229
8,79.8996
2,73.1147
2,57.9326
4,37.9960
2,29.8075
2,32.4675
5,45.1934
9,130.6214
4,125.4705
6,58.4210
8,162.9802
6,145.4697
6,88.1945
3,54.3520
2,39.7208
3,39.8316
3,32.3924
7,92.2266
3,159.6351
3,50.2801
4,45.2576
6,118.0040
3,51.7751
8,118.9465
5,96.0088
5,64.1790
8,113.1770
4,78.5194
1,40.2669
4,37.3513
8,116.6667
8,95.5501
5,108.8309
6,95.1734
5,68.9587
6,78.3962
4,51.5464
3,50.1433
7,71.5454
4,68.3661
10,182.3392
8,177.9359
4,71.0371
5,87.3145
4,59.6760
6,125.0447
7,83.5322
6,78.1774
7,119.4335
7,145.3488
2,59.9110
6,68.7893
7,105.1999
11,185.6271
3,125.9219
3,45.8505
6,86.3664
5,62.3108
5,64.6412
3,78.6340
4,45.9800
5,96.2199
6,60.3552
4,67.7245
4,67.5219
5,66.4894
4,58.6854
6,76.0622
3,85.6898
4,52.7744
5,49.7937
6,138.8338
1,45.8475
3,32.6981
7,112.0717
7,95.4719
8,136.1338
7,101.7886
3,98.6749
3,44.7341
6,65.7833
1,42.9817
4,43.2981
4,59.6049
7,83.5223
4,104.3375
6,84.8382
5,92.9491
6,88.8889
3,50.3488
2,43.2179
7,79.5184
3,47.8240
2,38.3016
4,39.1236
3,36.9510
5,54.8718
3,53.1309
6,68.5401
3,61.7393
3,50.5415
5,51.4895
7,110.1495
5,85.5537
4,62.0788
2,47.1571
3,36.7165
4,46.2994
12,251.3465
5,99.1501
7,103.7498
4,90.4627
0,0.0000
5,27.0573
4,67.2948
8,105.0263
5,246.2188
5,54.6790
7,84.1650
5,64.3501
7,108.9664
6,76.5111
1,63.0915
8,87.1623
5,79.6994
4,80.9810
3,51.0055
5,42.9764
6,142.5952
9,109.2214
5,173.2245
10,194.4985
6,83.2145
5,64.0439
6,73.5913
3,62.9723
1,36.2169
9,199.3166
4,82.0537
5,83.0368
5,84.1953
6,63.9094
5,92.6294
6,106.0445
6,67.3725
5,104.5556
5,60.7059
7,91.8033
4,95.2900
5,45.6889
7,130.4024
4,82.2562
7,78.7047
5,100.3009
9,176.9017
6,123.5004
2,63.9386
6,48.2393
5,80.4598
6,63.9678
7,207.3460
2,83.1255
1,33.0002
4,27.8629
2,32.6736
3,43.1566
4,48.9168
5,43.1433
5,66.7429
2,40.7403
4,39.5525
0,0.0000
6,31.1762
6,181.0189
4,62.7128
2,39.3369
6,50.7430
5,79.0960
3,57.1335
6,85.0134
4,64.2438
4,76.8049
8,129.9183
3,70.3447
3,45.9498
6,64.8989
7,131.9261
10,169.4505
8,128.3462
5,92.8259
3,52.4305
2,35.4341
7,101.3465
7,110.4275
8,120.7521
5,108.3759
9,138.2579
5,78.4841
5,62.6062
8,99.8004
7,162.1121
3,51.7178
5,63.1940
3,63.9503
4,42.4860
6,73.5526
4,71.0444
3,58.3674
1,35.3393
5,32.5672
4,51.8058
2,36.0193
5,94.2761
8,117.5285
3,92.9985
5,40.2461
5,94.1746
4,54.6192
5,62.7578
4,85.9107
5,56.9940
5,66.8385
6,110.0975
4,52.6316
3,52.0795
7,77.5967
3,66.1563
4,55.9687
6,50.3488
8,98.5638
7,88.8663
4,66.9600
6,91.0984
7,78.1948
4,99.9714
1,38.3478
8,114.1925
3,57.6559
4,52.0214
4,53.2077
5,56.3789
5,61.9853
10,228.0873
8,112.7396
7,84.5513
2,86.8594
5,55.7369
3,39.6309
7,99.0239
10,152.3727
4,85.0960
5,56.0718
8,145.4697
5,76.8977
6,128.9134
6,59.1116
4,100.9810
8,108.3088
5,111.2524
4,69.7420
3,59.9469
4,43.8927
2,40.7095
5,50.9128
3,40.4437
5,88.2279
5,63.4690
3,40.4741
4,47.4126
4,58.8879
9,161.0306
6,93.0233
1,52.2622
8,98.8142
6,65.9879
6,76.5195
5,80.6452
3,100.2578
5,54.7474
7,120.0686
2,65.2924
4,38.0662
5,61.5709
5,84.3475
7,98.8561
7,136.8256
3,71.7066
6,57.4383
3,52.7744
5,56.8228
3,56.6802
4,56.4744
6,58.5089
4,74.5792
1,30.9433
9,123.4133
6,123.9596
1,47.9814
5,29.7303
5,95.7723
2,56.4516
5,48.1795
7,107.1647
4,87.4891
4,73.5758
7,119.8630
3,74.6428
4,42.0496
4,51.1285
4,50.4468
9,137.1205
4,120.8981
2,49.6278
4,35.1741
3,52.5407
3,41.1813
9,144.2704
7,122.7855
1,63.2340
6,47.2175
9,220.4724
4,105.5807
4,66.1313
4,58.3188
6,87.0214
7,106.9355
4,94.8253
5,66.6413
5,58.3236
7,88.5292
1,35.6125
8,107.4939
6,71.3267
11,257.4476
9,176.7230
4,79.3291
9,127.9708
2,50.0751
6,59.3774
5,134.6413
5,87.8735
5,67.1077
3,62.0677
3,41.8535
5,56.1933
6,88.2279
3,45.5137
6,66.4263
1,35.7910
5,43.5378
5,60.3292
11,229.2827
5,175.2629
7,134.6413
10,116.1440
8,196.9058
9,183.4382
5,146.7813
6,80.5338
2,60.3969
9,116.8419
7,114.5475
7,115.0370
6,153.4078
6,71.1599
7,150.7971
3,70.8072
5,61.2263
5,62.5167
10,139.8881
2,61.0607
7,84.1953
7,112.1795
8,90.7088
4,75.8397
7,95.8248
8,101.1853
6,236.8866
7,191.4137
3,70.3376
1,32.1440
4,37.7033
7,100.3584
2,76.6871
4,53.3130
5,51.6110
5,75.4229
5,62.9780
2,41.6691
8,83.9832
6,112.9397
4,63.2454
5,66.5716
0,0.0000
4,33.6231
8,133.4350
4,52.3795
3,56.8643
6,81.3954
2,67.9150
6,73.9098
6,167.6245
6,65.9382
5,97.0201
8,101.1268
0,0.0000
8,78.7845
4,145.5604
2,43.4945
6,81.1688
1,37.5980
4,35.6888
4,41.6146
1,41.9790
5,47.6482
6,78.2385
7,107.2961
3,70.1966
4,43.4486
5,88.4732
7,196.3534
8,170.3163
6,122.2921
3,61.1140
6,50.6036
4,88.5180
5,65.5738
8,131.6284
7,109.5976
5,112.5764
7,150.3436
4,46.5302
5,62.1394
5,65.5369
7,105.7402
3,84.8588
3,44.2842
6,58.7939
10,125.9446
3,110.2536
6,54.1838
6,114.6413
6,72.3290
6,135.7642
8,100.0715
10,192.6252
5,76.8724
1,52.0137
4,39.5034
8,233.8009
5,74.7464
1,32.0234
4,39.0429
4,47.4480
2,40.7048
7,123.1094
2,85.9212
6,61.7447
2,51.4819
3,37.9280
4,48.6212
3,45.7188
5,63.8511
7,157.1974
7,79.4461
8,114.4539
6,97.3710
4,83.9429
4,45.6740
4,59.1466
3,38.1430
2,41.2955
5,42.4474
7,88.3838
6,110.2536
5,92.7890
1,51.8557
4,39.4255
2,32.0689
8,157.7998
4,108.7463
7,72.8787
6,116.7445
7,91.0984
5,89.2743
6,70.0911
4,72.1203
3,46.5859
3,42.2501
5,51.3385
3,71.0083
5,60.7692
3,42.9949
7,108.8986
2,83.5821
1,45.0741
6,38.3709
6,105.5489
9,102.4440
5,108.0414
2,42.9106
4,41.1886
6,56.2520
5,71.7802
2,39.2773
2,34.9598
9,158.4427
8,122.3135
11,248.9331
6,132.6763
7,103.7498
9,149.3493
3,111.8926
5,44.9294
2,45.4575
4,37.5577
12,254.1757
5,75.1880
5,94.4924
6,68.3928
9,222.3634
6,83.0466
6,88.8099
5,73.9958
7,92.0689
5,86.7518
6,154.3890
6,81.3859
4,71.1021
3,47.7262
8,116.3177
10,309.0508
3,93.2960
3,49.0574
6,92.3727
10,149.7326
7,170.8567
7,139.7763
7,112.1615
5,104.8532
11,211.2251
3,108.5945
7,102.0706
9,173.9563
6,110.0456
6,89.0132
4,67.6329
6,73.6997
6,138.7787
3,60.9809
8,84.0235
4,115.1505
9,200.8032
2,143.2665
7,75.5206
2,66.2628
5,45.0450
4,63.0460
9,161.2903
1,96.5118
5,51.1098
2,42.7272
1,29.6271
4,25.3908
2,34.3558
3,43.1699
4,43.6273
3,56.7031
5,42.3114
2,55.7103
8,116.9982
5,169.5736
9,161.4763
4,126.6510
4,59.8444
4,64.3382
6,59.8649
2,61.9908
3,44.9467
10,122.3562
8,274.9411
3,73.5758
7,73.2524
2,59.2217
4,48.6889
5,61.5276
7,170.6901
7,98.9679
4,92.2388
6,73.8942
2,75.6675
2,42.4835
5,39.9429
7,91.1458
4,91.1340
4,57.1382
7,82.0922
5,77.5795
3,58.4991
6,59.6303
7,104.4309
3,114.7729
2,50.8721
7,150.0214
5,82.9876
6,93.7709
8,203.4292
7,87.9066
9,153.3742
4,157.1268
3,61.9140
5,49.3375
4,45.2021
5,113.6179
6,55.9195
7,102.4440
7,100.7194
4,84.9824
8,120.4819
9,158.8382
3,61.7720
8,114.2111
5,88.6525
2,52.2817
10,175.8352
4,108.4095
3,50.0823
4,49.3027
4,44.8775
7,110.0629
10,159.7080
1,55.2094
5,53.1996
6,69.4031
4,82.2562
3,50.6659
5,57.6321
8,103.6423
5,124.7994
11,204.5587
4,138.9165
4,59.4530
4,50.4141
5,69.4444
4,68.5670
4,49.8824
6,77.5451
4,76.5195
5,47.3133
1,59.5593
1,27.2268
5,28.7734
9,119.3928
4,52.2076
4,66.7366
5,65.6476
6,80.0732
2,72.8484
3,47.6937
5,57.8035
7,85.3138
5,134.4602
8,125.2236
6,95.2381
10,187.3662
8,170.0680
5,100.6470
5,65.2073
5,59.3472
4,103.5809
4,59.3271
6,48.2825
3,125.5380
4,40.5680
3,53.2968
7,101.0539
4,61.4089
7,118.3632
6,134.2539
5,60.2877
7,103.2448
5,111.6427
5,68.4396
5,73.0308
7,86.4304
1,95.5501
8,115.6642
5,93.7082
3,59.6557
2,47.2207
4,36.8479
10,148.9045
0,0.0000
5,40.2276
6,71.3776
7,103.2144
4,54.3225
5,59.2668
5,68.1730
4,70.5716
2,44.6542
1,32.7424
5,34.6552
9,159.1994
5,86.5373
6,64.3678
6,150.7646
5,64.9833
1,36.5879
5,36.2544
6,91.8876
6,72.3664
5,82.7521
7,85.2100
8,137.2549
4,70.6571
4,61.7393
8,114.6226
9,115.0181
4,113.9508
4,42.2731
10,171.5686
4,130.8900
2,51.2295
5,57.6416
4,47.5414
3,76.1615
2,50.4832
5,36.7126
7,141.4713
7,79.5997
2,51.5426
5,86.9565
7,117.2529
4,71.4505
5,55.7813
3,51.7713
3,46.3177
3,36.5707
6,62.5614
7,105.7242
2,73.0460
6,49.3340
5,79.9087
3,49.1815
7,72.4563
6,99.6867
8,156.0410
8,123.8062
7,130.6458
4,79.1408
6,63.9737
7,130.8656
6,99.1923
7,90.1017
3,64.5876
3,41.4643
7,79.5726
3,96.9663
5,47.8502
7,102.8655
3,66.7493
6,61.3067
8,106.1410
8,144.0922
5,67.8163
4,112.7577
10,161.6628
8,160.4033
4,110.6544
6,55.6527
7,97.7108
5,68.9791
2,54.3099
5,47.5867
6,87.8514
4,74.2469
6,77.4679
2,51.4819
4,34.1580
5,83.2342
6,64.9652
4,84.7868
6,63.1769
12,154.7988
4,99.0660
2,40.3458
7,81.3670
6,115.4544
4,61.3389
7,79.4732
8,127.1340
8,122.0363
4,88.4062
5,55.6129
8,130.1599
6,91.2885
5,126.7427
4,51.0874
5,60.7481
8,195.6400
5,71.0732
7,108.3088
7,102.9412
4,95.6676
5,42.2476
4,137.9039
10,148.6515
6,136.9595
5,68.8502
4,53.8130
5,62.0898
9,108.5440
4,88.7199
3,59.9212
6,53.5660
7,184.2105
5,55.5115
3,107.3126
5,43.9754
3,63.6769
7,136.8524
10,150.7971
5,122.4633
5,51.1397
3,127.8305
6,51.5806
3,75.7904
3,44.9669
2,25.5577
4,46.7071
14,263.4550
3,89.3199
1,41.3101
2,25.9933
7,78.4490
7,120.0480
5,118.9869
8,152.0087
4,89.7666
2,41.6816
2,27.0709
4,29.0155
5,78.6782
6,62.6959
5,72.0461
4,82.7619
3,41.9664
5,54.5852
2,78.6959
6,45.9137
6,101.6703
4,70.3518
4,59.0767
11,274.8331
3,115.7216
7,120.4197
3,69.8254
7,94.7611
5,73.0842
5,56.6251
5,120.7313
2,54.7003
5,49.2645
4,58.6707
5,57.9422
4,121.4645
1,37.1629
7,98.3146
6,85.2827
7,81.9960
7,97.9980
6,103.9964
3,46.3269
3,46.7352
7,130.8900
4,85.4597
5,83.7721
0,0.0000
7,79.6450
3,83.8223
8,111.5716
7,99.8146
4,83.1947
5,59.0817
2,52.0253
4,49.0574
5,66.1063
4,77.3994
4,57.8847
6,47.1032
1,36.3259
7,135.2657
6,70.6215
7,90.9445
10,122.8717
1,115.1884
1,35.9343
4,27.9051
7,90.5446
4,62.7859
12,168.8374
4,126.7198
6,73.2524
6,144.0626
7,73.3676
2,84.1953
4,49.1400
2,36.6185
3,36.6531
7,158.4069
2,84.2460
3,41.3052
9,109.0852
5,107.1976
1,60.6638
7,81.5281
5,55.5556
3,59.7474
5,101.5228
7,94.2253
7,87.6315
4,78.0901
3,45.5818
2,34.1280
4,35.8331
6,65.2255
7,90.2760
9,118.2432
10,222.7171
4,153.2399
4,52.9381
5,71.3921
4,42.4757
5,105.4693
11,161.1047
6,109.4948
7,84.3780
6,175.8352
10,203.1930
5,70.9651
6,150.2791
5,60.7956
3,84.2561
7,102.2794
7,114.0808
5,88.3615
9,150.4729
4,123.1311
5,57.3488
6,66.5652
8,130.3053
3,63.5670
6,73.1300
4,81.7184
4,48.9510
4,70.0841
2,41.6840
4,33.5410
4,52.5881
4,56.4972
7,105.2315
5,68.6207
4,69.3001
5,56.9986
3,48.1034
6,84.2561
2,45.2986
7,84.5206
6,90.3576
5,74.3100
3,62.8761
4,52.6831
4,47.5737
6,67.8689
4,96.5517
1,47.6417
3,28.3734
6,71.0227
4,84.1548
7,122.4847
4,76.7628
6,73.3522
3,66.8960
6,85.4597
4,71.6039
5,64.9230
5,71.1021
4,52.8461
11,163.0941
9,162.7150
2,106.2538
5,43.0557
7,86.2281
11,222.0108
6,70.6571
5,96.5118
10,131.2090
4,164.1266
6,73.9723
8,131.2090
5,147.3995
5,74.3889
7,83.6920
5,92.7152
4,86.4198
4,48.4832
4,46.7196
9,176.4558
5,72.4113
4,76.5613
3,51.3046
6,55.5247
5,66.8960
0,0.0000
1,29.9581
1,20.8216
3,20.5224
2,19.6607
3,28.5260
6,77.4336
9,132.5758
6,104.7277
6,70.2177
6,105.8681
5,71.1889
2,38.2180
3,49.5786
7,90.3342
3,75.4392
1,44.4247
5,31.2667
3,60.5379
7,74.9144
7,120.9817
6,98.8003
5,63.9269
7,101.7442
5,222.8590
8,110.2189
1,44.7227
4,39.7343
7,84.0740
1,69.1563
6,47.4641
10,174.6507
2,46.0103
5,84.5002
1,58.2217
3,35.4448
4,40.2206
8,144.0922
7,186.1207
6,76.0704
6,95.9561
5,62.9950
4,61.9853
2,45.3515
7,79.1318
2,44.4247
5,67.0049
6,65.5738
3,57.0404
10,168.1884
7,217.5264
5,65.8080
2,84.2764
1,43.5459
6,40.4484
4,114.5475
7,150.4082
4,108.4599
8,127.3422
10,381.6794
6,110.8823
5,82.8991
6,78.7845
3,58.1058
1,35.6543
3,28.3194
7,88.0392
3,48.1662
6,193.0502
3,67.5154
6,74.4839
7,130.1115
1,81.0373
9,123.8938
4,94.2000
2,42.9923
2,29.9388
6,79.9726
3,70.3306
5,43.3356
6,68.8028
1,44.3459
5,35.5186
8,145.2282
6,101.9814
12,224.7191
4,117.1548
2,45.2957
5,48.0703
3,64.2084
1,40.5139
5,36.6857
6,84.0437
3,73.1605
5,51.8173
2,51.0316
5,66.2377
6,76.3192
6,67.9480
7,123.0661
3,67.5806
3,44.9698
5,107.8250
6,63.6653
3,76.1532
5,45.8986
5,90.7088
3,59.1816
5,61.2745
10,116.1055
10,168.1076
5,123.0229
9,104.2287
6,108.3424
5,63.1199
6,122.6779
6,68.2062
7,89.2061
2,57.9950
4,40.5280
4,65.4328
7,95.2900
4,137.8224
3,51.7522
7,80.3951
5,68.2394
3,67.2818
6,50.7320
3,95.7985
4,49.0918
8,129.6536
6,87.0863
7,123.0445
10,278.3300
5,78.9444
5,79.0335
5,71.0660
9,134.7709
3,82.6837
7,174.3896
2,88.4508
3,36.5612
7,74.3810
2,66.7175
7,254.4529
6,56.5200
3,98.1905
6,61.1567
6,96.1274
8,116.4144
4,67.9282
1,32.5385
7,119.9657
5,75.7084
5,68.5200
6,79.0692
9,123.1311
10,244.9265
5,102.4590
9,102.3691
4,162.6772
4,62.4498
9,203.0162
3,66.4263
6,78.0466
10,144.0922
7,108.9325
8,110.7595
6,110.9878
6,65.0437
10,180.9253
4,113.2320
7,93.3707
5,101.6555
4,60.2410
7,93.9850
3,86.0903
8,221.4489
6,77.3310
4,67.2624
9,131.7523
4,110.0456
5,52.0523
4,45.9438
6,101.2292
7,91.7071
6,89.1379
4,62.4498
5,61.8265
3,63.3255
5,81.7662
7,97.4523
7,150.7321
7,92.2874
2,74.4364
7,99.2908
5,83.7220
2,47.4930
7,120.8981
2,79.3921
4,42.2527
3,44.2338
6,89.8703
3,75.6266
4,46.2199
0,0.0000
2,28.1645
1,19.1225
3,17.8863
6,99.3049
4,69.5549
4,41.5012
9,275.8077
6,165.6805
6,85.8580
4,87.3362
7,89.1833
2,99.9714
10,133.6898
5,136.3991
4,66.9216
5,77.2116
5,66.3696
5,63.1142
2,37.7115
10,175.9678
5,129.5816
5,65.3961
7,102.7749
4,93.4081
5,48.8793
1,27.2437
2,37.4091
5,40.7759
4,91.5392
3,62.6342
2,36.2225
4,31.6771
1,31.6027
6,50.0357
4,58.7988
6,59.3120
3,71.8317
9,209.3301
2,113.1039
8,83.6320
5,88.2835
6,117.4694
3,51.1808
5,57.0776
6,60.5484
5,106.9029
6,71.9646
9,200.8032
9,136.5055
4,111.8211
0,0.0000
3,30.1698
6,128.8660
6,56.3834
4,70.9795
1,53.7511
5,37.2658
5,61.9579
6,71.9351
6,69.8185
7,108.0414
6,136.0544
3,81.3954
3,37.2360
5,53.0826
6,83.7621
4,61.0820
7,79.3021
4,89.6976
4,56.7629
2,43.5053
8,117.4694
7,129.1990
4,68.2527
5,67.6198
2,60.0910
5,39.7705
6,85.2204
2,57.9758
8,93.6204
5,88.2390
3,63.5382
1,34.7809
5,47.3581
6,46.3484
6,133.0798
6,100.7049
6,84.9515
6,103.0928
7,125.5380
4,71.9055
4,68.8299
9,173.4820
4,91.9359
2,40.2045
4,31.4310
6,80.2108
5,92.9491
2,43.1939
5,63.6364
6,85.9951
8,148.0541
3,67.1721
3,53.0705
4,38.4615
7,78.1686
6,172.2865
5,75.0831
5,61.6360
3,55.6174
6,106.4963
4,80.2108
5,62.1614
4,57.5374
6,68.0868
3,77.6828
2,40.6977
1,33.4880
2,21.4948
2,20.1886
4,39.9521
4,40.5492
6,69.9091
8,160.7717
3,65.3839
6,67.8229
4,57.0730
10,127.1571
7,128.5819
10,143.1786
8,200.1716
2,59.1566
7,99.3754
10,130.5483
6,167.3040
9,215.9161
4,93.3085
6,63.1712
5,112.9214
4,52.8501
6,92.5559
13,353.5354
4,172.7968
6,66.5842
4,68.5737
5,77.2286
6,74.9946
7,91.8997
3,90.5563
4,51.2783
1,29.8597
5,38.0704
9,163.3987
5,90.2294
4,68.3727
8,117.1352
5,111.9821
9,96.6450
1,53.1390
7,87.7083
3,83.0861
3,42.2552
8,133.1558
4,107.3455
3,36.8324
7,103.3515
4,98.7028
9,212.7660
2,106.4153
3,43.0002
7,84.3069
5,99.7720
3,49.1056
4,43.4189
2,35.1564
7,102.5942
2,42.1179
7,242.9712
7,90.2993
4,55.9776
6,127.8772
10,219.4357
6,111.5716
5,63.6769
4,71.9498
6,79.1676
7,95.0958
1,54.4535
6,45.0190
4,103.5656
5,42.9923
4,82.9777
10,158.2278
1,53.8544
3,44.9380
5,104.2908
5,66.5273
6,76.8134
4,63.0006
3,63.1997
6,70.3801
5,133.4096
1,44.9179
1,30.9830
8,101.8478
10,218.1365
6,116.4338
4,118.0239
4,50.6109
2,48.2625
4,34.9301
4,45.3573
5,62.8705
4,52.9421
8,104.4932
10,172.4563
7,97.8610
5,96.8858
4,51.1696
4,57.6986
7,139.6927
4,52.7824
4,66.0004
1,45.1992
2,32.5233
7,162.7150
2,41.6146
4,36.1869
7,102.4890
5,147.1825
2,45.8385
6,53.2481
7,162.0370
2,46.6169
3,44.4642
5,46.3976
11,149.1901
4,64.9110
5,72.4713
3,47.1063
1,37.2598
2,29.2459
6,52.6158
2,48.3492
6,61.1354
5,102.5791
2,63.1029
5,60.7956
9,203.5475
5,73.1071
4,75.7166
9,195.3670
4,115.5306
6,88.4620
5,63.6537
0,0.0000
5,34.8120
4,71.6552
4,50.1145
2,35.2060
2,28.8339
5,68.5737
11,165.9161
10,194.6607
6,133.0545
4,60.3448
3,46.4191
6,62.9100
1,60.9331
7,95.3808
4,112.4679
4,58.4844
3,45.4103
5,49.8966
7,84.3678
4,118.3032
3,46.1985
7,90.8737
4,68.9791
7,101.6998
2,66.8513
5,49.7406
9,122.9148
5,123.4133
4,53.5168
5,55.9821
2,42.4860
8,114.7165
4,80.2200
7,126.1716
8,119.9657
2,103.7037
5,49.9929
5,59.7576
6,70.9939
8,110.4275
3,69.4376
5,74.0349
6,72.9167
6,73.0689
7,90.8737
3,97.2087
8,118.9667
3,53.7222
6,93.5079
4,59.0468
6,98.4944
1,50.9684
7,116.9982
7,184.6966
6,94.4160
2,61.4682
2,47.4190
6,46.8259
3,48.3526
8,95.5762
3,134.0996
1,38.6676
7,87.2818
1,103.6116
6,44.8143
4,153.2064
4,55.9016
7,80.9249
5,85.7528
4,61.6143
6,70.7857
3,93.0851
6,51.6262
6,123.0012
6,78.6429
7,85.4388
8,104.9948
6,98.0804
6,99.6016
5,79.3291
4,64.5876
6,69.7489
8,84.0437
12,242.7184
7,156.0062
6,73.6067
9,118.1834
6,197.0166
4,73.3676
8,91.3600
4,74.3179
4,64.1143
5,72.6593
7,158.4069
5,77.2286
2,58.8879
4,46.5921
3,42.8397
6,80.7848
6,95.4459
5,80.3766
4,70.5859
10,154.4572
7,113.7841
6,163.4368
4,66.5906
7,112.3776
7,83.9933
7,75.4067
6,207.4689
2,50.0536
2,38.1367
6,44.6542
3,70.9148
6,75.3255
3,66.7684
6,65.4756
4,69.2658
5,47.2654
3,64.0674
6,73.9254
5,64.0205
5,99.5025
4,59.2317
3,41.5726
6,60.6218
3,72.1352
4,62.3108
5,43.1194
7,102.2644
6,100.8936
4,68.9248
3,40.4999
4,53.1551
7,114.1553
2,74.1054
3,42.0446
1,27.8419
6,45.3515
5,95.8510
3,50.8980
5,63.3828
7,104.3219
4,75.1234
3,45.7666
6,65.1587
5,81.8713
4,50.1217
9,202.7810
5,113.3603
4,72.4563
6,57.8082
2,71.2106
5,43.7801
3,71.5673
4,47.4030
2,32.8161
3,40.6268
4,37.6324
3,51.9944
2,45.6532
6,109.2385
2,75.7658
2,31.6728
8,124.7549
3,68.7961
5,57.7510
4,68.8638
2,52.8981
8,246.4789
2,78.3085
7,86.8810
2,82.8402
6,72.8181
3,76.0539
4,46.7977
3,55.8080
8,162.3000
3,147.5859
6,61.7938
9,220.9596
3,121.1282
1,33.6749
10,122.3348
4,97.0874
2,42.9421
8,82.3529
4,82.8500
0,0.0000
3,28.9424
5,70.8574
2,69.2658
3,42.7090
2,30.2115
3,29.6334
4,49.2854
5,55.8615
4,83.0663
5,60.8802
7,121.6968
3,66.5842
5,61.3551
5,87.2709
3,51.3347
4,41.2007
4,50.7026
4,61.7502
4,56.1708
7,162.8286
3,119.8835
6,72.2171
2,56.7215
2,34.4709
4,37.7949
5,54.4917
7,108.6282
3,61.8648
10,172.4138
3,75.2041
5,58.3528
3,50.0930
4,55.0704
7,100.0858
3,89.0585
6,59.2267
9,161.9246
4,79.7448
5,64.4983
6,80.0366
7,98.0942
5,80.3029
9,171.2748
4,79.0692
4,75.9219
13,322.4321
3,128.1347
5,53.6975
8,122.4633
6,129.4379
5,87.0863
4,69.7420
5,63.1029
2,66.3633
6,60.2825
7,84.8588
1,44.0113
8,92.9245
2,78.9355
3,44.0003
3,31.7878
3,41.0124
7,90.2178
2,61.2102
5,42.1738
7,115.4163
5,110.3405
3,55.6704
7,113.6364
3,137.8224
6,64.2438
5,81.7280
5,69.1290
7,90.1946
4,82.7619
4,57.3488
10,163.4368
1,156.9507
6,55.4719
3,85.6688
5,47.5737
3,103.8268
1,53.7552
5,30.6212
6,92.5192
8,110.4972
7,124.9108
5,54.6875
3,94.7354
7,85.7633
2,87.4672
5,42.9185
3,70.1122
4,55.8615
2,36.5268
3,40.7213
6,51.3648
3,120.8564
2,51.0725
2,33.2810
4,30.9872
7,76.7039
8,163.2463
3,57.3535
8,118.3632
6,73.9254
6,87.0106
5,115.1695
2,39.6241
7,122.3990
6,98.3146
11,178.7538
4,101.3025
4,54.0123
4,43.4351
9,167.8255
2,61.4412
3,45.0566
7,84.3374
5,101.6998
5,75.7822
2,38.5866
3,35.0193
2,44.6172
3,30.4825
6,53.7387
5,80.0732
5,74.5792
5,61.6523
3,71.9942
2,36.7030
9,124.0695
7,131.3814
3,99.9429
7,93.8338
3,86.3558
1,36.1234
5,44.7742
5,59.4833
5,94.3905
5,67.5089
5,65.3473
4,95.4068
4,54.9278
3,58.9772
2,34.6689
5,64.7908
2,48.9579
3,39.1499
2,27.9185
3,29.9388
4,42.4448
3,43.5459
3,43.5134
4,45.8655
3,41.7213
3,30.9680
4,59.5390
7,112.2514
8,119.8425
4,93.9976
5,56.0269
5,94.3396
5,64.8388
6,65.6230
2,55.0314
6,71.8170
5,80.8688
10,101.0684
7,115.3213
6,107.5104
6,77.2030
5,70.4155
2,40.8592
4,40.8926
5,53.0223
8,103.7806
1,54.5681
4,49.2195
3,38.6015
4,43.2446
3,54.4239
4,40.6977
7,138.3673
5,110.6020
4,63.5555
5,52.7466
3,56.9106
6,68.5938
6,98.2870
5,87.8183
6,58.5676
2,65.6537
4,40.4204
10,112.2875
6,162.6772
4,52.2271
3,57.2738
4,55.1615
4,48.3092
5,61.3981
7,90.4627
4,71.9277
1,38.1513
1,30.7517
2,21.8007
4,27.6003
7,106.1249
3,61.7393
8,137.4166
8,255.5677
5,152.6717
6,127.1571
1,54.3605
7,84.6740
6,87.7523
6,87.2057
3,91.4913
2,35.1706
2,29.7708
3,34.7636
4,43.0902
4,66.2942
7,88.7199
6,99.2908
5,171.0237
5,55.3578
3,58.7347
5,48.4563
10,154.9701
4,117.2333
1,43.7801
6,47.2112
4,75.8314
3,58.0383
3,46.7196
3,30.9488
11,224.7913
6,200.2288
8,112.5040
7,108.3424
4,104.4309
3,52.6158
5,46.1255
4,66.3256
5,94.1620
4,71.6186
5,56.9430
10,169.8205
2,90.8383
7,73.9645
4,141.7004
6,75.6021
4,75.2203
7,127.5975
5,107.8582
5,71.7360
6,57.6844
2,107.5599
8,85.3138
2,70.9220
9,135.4751
4,95.9167
5,57.6844
5,64.1966
6,102.9412
4,72.2320
5,57.5421
7,286.5330
5,91.9238
2,48.2027
4,38.5356
5,71.2904
4,72.7046
4,45.8175
6,71.9277
2,54.7688
6,78.6959
3,55.4851
8,110.0802
10,201.5549
6,150.7646
4,70.8144
5,66.7048
6,133.3333
7,155.6247
7,134.3828
2,77.7173
4,49.0162
2,35.2237
4,34.0169
6,107.0991
2,79.7357
4,41.2882
6,78.9533
5,58.6019
9,131.5048
8,159.4170
9,137.4166
4,83.1551
3,51.2971
7,81.9864
4,160.8086
5,58.4795
6,63.5036
6,89.0245
4,88.7087
8,100.9082
7,98.8980
9,113.8211
5,95.8510
4,62.9044
2,37.7155
6,73.8163
3,76.6367
9,113.8952
3,73.5913
3,47.9814
3,49.1263
3,37.0018
3,30.0687
7,142.5662
5,79.8267
3,65.9942
4,58.7791
2,41.0991
5,50.3452
2,51.7063
4,38.4763
1,40.5163
5,49.7654
5,55.0185
7,84.6945
2,55.3054
1,39.1280
7,104.0119
8,101.2732
6,105.9482
4,55.3710
6,121.9937
8,91.5991
4,74.9866
5,58.4405
5,72.5238
5,94.1113
0,0.0000
7,115.2263
5,64.0146
1,49.3444
4,37.4933
6,70.4155
9,120.4405
5,73.0765
4,89.5370
7,146.4435
2,60.0137
4,38.8738
5,89.0472
6,73.0918
4,73.4677
5,67.9150
6,90.4743
5,78.1774
6,83.1255
4,68.8502
5,83.6320
5,58.0046
8,93.2712
5,86.2706
3,62.2222
5,92.6907
2,55.4895
1,24.2693
6,74.6428
3,88.4620
6,51.0130
5,78.3699
5,99.1501
3,67.9480
3,30.6105
7,128.1582
2,52.0330
7,90.5563
3,79.3561
8,142.9447
2,55.4763
6,71.6626
3,64.5102
4,50.2476
3,38.4531
5,125.5831
7,101.0101
8,158.4786
2,96.2994
3,56.5063
5,44.6400
7,86.8918
11,184.3075
2,113.8396
7,135.7905
6,142.3632
7,121.6334
5,97.1817
5,74.1918
7,93.0604
6,118.9869
4,132.4503
3,62.8592
8,89.8588
2,67.2430
3,44.1306
0,0.0000
2,24.0724
4,22.1645
4,46.6294
2,46.9767
10,152.4390
2,58.3820
8,227.4204
7,78.6340
7,122.2707
2,73.0842
2,41.8786
2,24.0277
4,35.9011
9,129.3183
10,129.5337
4,121.9937
3,58.6117
9,140.7318
3,89.4340
9,173.9130
5,126.7886
2,60.3292
8,90.0785
3,64.0967
4,57.6416
9,139.0821
8,112.6489
3,58.9027
6,69.2247
5,105.9482
7,83.4028
6,73.5758
6,108.0247
4,93.2587
5,83.3929
6,77.2371
8,298.1261
7,127.2727
4,74.6826
7,90.8619
6,74.5315
8,136.2663
5,96.0879
3,57.6511
7,104.5869
4,68.3594
3,48.7126
7,104.7904
6,91.3004
7,85.1996
4,85.5537
3,49.1539
6,110.6370
6,112.9032
4,57.6701
4,54.5044
2,35.5619
3,39.3479
5,45.4604
3,46.0254
3,44.9409
7,77.4765
1,67.1979
3,38.4446
8,156.8803
1,54.8203
3,34.3104
2,27.4402
4,31.8182
6,98.6332
7,81.1500
6,82.0345
1,42.1992
6,64.2497
4,54.4197
6,121.2961
4,48.7635
4,88.0060
5,72.2394
3,42.7455
6,69.2589
11,318.6163
3,61.7883
4,52.3874
5,65.8018
7,101.4934
4,81.1688
4,45.8415
3,64.0146
6,74.2706
4,68.1796
6,67.9348
7,97.0067
1,62.5167
5,45.2635
5,92.3849
6,66.1063
6,84.6843
4,65.3900
6,71.7581
8,108.4767
3,67.4569
7,80.8221
2,76.3276
3,45.1934
5,51.1546
4,60.3813
6,71.6919
2,51.8365
9,113.4522
4,76.4359
6,63.2740
6,78.5282
9,156.4945
3,91.1102
7,117.3709
7,112.5040
8,153.8123
4,111.8926
7,132.8021
8,127.2959
4,164.0497
4,58.9573
5,53.7304
3,42.7350
1,28.2338
2,23.7015
4,38.4088
5,88.7762
6,79.5455
4,82.0056
6,76.2693
5,59.8393
3,48.2060
8,94.2127
6,194.6607
2,67.5415
6,48.3793
4,59.0468
2,48.5538
4,42.3985
6,67.7769
8,109.7351
9,129.4139
9,140.2806
2,89.2857
1,35.2947
7,114.2484
3,130.2326
2,43.8322
5,40.3761
4,72.1798
4,54.6064
7,109.1533
9,148.5254
2,94.6714
2,53.7057
3,28.6615
3,29.1873
2,36.2769
8,88.0836
4,84.4900
6,63.9737
4,75.0992
6,63.4115
5,70.3942
7,112.6126
4,69.2042
5,58.6265
8,110.5321
5,97.4388
4,57.8465
7,108.1081
6,61.4628
6,137.7682
6,105.6285
7,94.1493
5,78.8111
7,81.4522
4,81.7471
5,79.5997
3,66.7748
6,54.9925
5,69.2932
2,45.0392
6,65.2985
5,112.3776
5,73.1682
6,83.5621
4,66.0004
7,162.6394
5,71.5527
3,60.1426
6,79.0871
5,57.6132
9,155.8326
4,64.6472
3,63.0972
2,45.4074
6,57.1475
2,102.1152
6,64.1731
5,73.1682
1,47.7392
7,77.2542
5,78.1076
6,107.2140
4,82.0248
8,106.6260
5,124.8440
3,59.0518
13,261.0966
7,116.8614
6,92.2266
3,86.1645
6,75.7740
7,76.5362
7,102.0259
4,80.1374
9,197.0721
9,121.4224
7,106.0606
6,88.5068
6,67.9282
8,112.4498
1,71.6552
7,117.5878
3,74.8183
5,52.3717
1,40.5633
4,39.4878
5,63.1085
7,89.2629
8,102.8504
4,154.2530
6,57.2316
1,72.5840
6,39.2069
1,42.7794
3,40.6551
4,42.7064
4,65.1648
3,54.7003
3,49.5330
3,27.5884
3,35.5186
1,48.6821
7,90.6736
6,63.5843
7,82.2658
4,94.0102
7,80.9342
6,82.4985
5,73.3753
5,89.7091
8,130.9880
2,68.8367
2,55.6660
9,164.3578
2,66.5779
10,102.0111
2,77.1520
3,50.3960
6,57.4288
7,102.0855
5,71.0371
8,108.9325
5,90.9563
6,102.1004
4,61.1407
2,34.9127
5,49.0746
5,88.4062
7,105.5170
4,110.3231
6,65.0921
6,112.8668
6,89.2857
6,64.5340
6,86.6015
7,96.5384
6,241.6293
7,93.2339
7,95.0054
4,81.0560
5,76.0291
5,51.0130
3,82.0633
8,92.2509
5,74.2706
7,108.5103
3,53.6234
6,114.6413
4,46.7789
3,67.7310
5,40.9524
6,96.3922
2,83.2342
9,137.9310
8,169.7793
5,71.7287
7,101.1268
9,160.8456
4,66.1438
3,72.9395
7,94.2888
3,55.8659
5,49.7018
5,112.5583
4,80.5895
4,50.3235
3,40.1952
7,90.1133
3,65.8390
11,277.9984
5,128.3226
6,84.5309
8,99.8716
9,126.0580
7,191.5709
4,66.8449
3,50.0966
3,36.1533
1,27.6385
8,122.5705
6,90.0090
6,85.9951
5,65.9258
5,80.7475
4,62.4610
4,55.1746
7,101.1853
6,74.6348
6,107.6592
5,70.3023
4,50.6000
8,132.2252
5,57.0311
7,111.9463
6,73.3445
5,109.7867
6,68.7488
7,98.1492
4,81.3292
4,55.9866
6,56.3789
8,115.1884
6,211.5443
7,98.0255
6,86.7303
6,90.7912
4,59.3170
3,59.1966
2,30.8724
1,24.0178
6,54.2383
2,65.7586
5,51.7139
4,46.7508
5,75.5369
4,59.1166
10,292.6422
3,55.6527
5,87.5328
4,49.2161
4,60.3865
5,58.3431
5,81.0279
8,128.0644
8,146.7198
10,150.0214
4,111.5894
5,73.5371
5,96.4852
3,63.6595
7,117.7262
6,67.3206
3,77.0416
4,54.5724
4,49.5470
6,89.3655
3,48.3158
2,35.8680
4,42.2935
5,52.5999
5,64.7189
3,51.0986
2,45.7218
10,158.1206
2,99.8289
3,45.4545
7,101.6998
7,112.6670
7,157.0916
3,143.3839
6,76.0374
5,69.0540
5,62.7578
3,53.7098
7,90.2993
7,106.1249
8,178.0264
3,74.1368
5,47.0209
7,115.6069
5,78.6517
8,177.8907
4,79.9087
2,48.4630
4,42.8816
10,151.8768
4,84.6535
7,99.3190
2,66.1251
6,47.7425
3,83.6720
4,46.5456
5,80.1374
7,99.3330
3,80.1466
4,42.1534
4,90.3576
3,54.7902
6,83.3532
6,79.6631
4,64.3678
1,35.8846
5,33.6328
2,65.4328
9,99.7151
5,215.8495
13,229.0576
4,91.9963
5,65.0497
3,58.5823
4,37.3912
8,174.2594
4,80.5802
5,66.3319
7,77.2201
7,140.3649
2,101.2292
0,0.0000
8,122.8717
1,46.5024
3,42.0698
3,43.2392
6,54.6875
6,70.1966
8,118.6039
4,103.6116
3,57.8991
5,65.2802
6,100.6905
5,71.8907
4,97.7927
8,120.6481
8,138.0398
7,98.4806
3,86.1539
8,88.6974
9,140.5340
3,110.5496
5,46.7352
3,59.5542
3,45.1234
3,34.8588
6,103.8576
3,67.1334
8,131.9261
1,94.1240
5,34.4336
4,102.6243
10,156.7047
4,136.3459
5,55.5644
3,63.5209
8,88.4173
3,189.9078
5,60.3448
5,65.8328
9,139.6091
4,105.9643
2,51.0390
9,182.1968
2,69.7281
7,98.2318
7,94.3269
3,74.1525
7,87.2165
9,129.3661
9,234.4273
8,125.6281
3,70.6714
7,92.4581
4,65.3595
4,71.7949
2,35.3535
12,209.9580
10,140.7601
5,159.9634
4,64.7549
3,49.8647
5,49.5260
7,95.3808
8,117.5088
7,117.5680
7,118.3032
8,111.0759
4,107.7752
8,108.5271
3,76.4944
9,176.6784
9,170.7317
6,74.9224
4,100.0286
3,54.3520
7,116.6278
7,125.9899
3,77.1690
6,79.2662
4,104.2132
8,112.4859
7,201.2651
5,65.0437
7,78.6694
3,72.5539
2,58.3042
4,35.0228
6,73.8475
7,95.0699
1,41.6915
8,142.4501
4,95.5240
6,56.7445
4,62.0953
6,76.0456
9,168.6341
3,110.8647
5,48.2759
5,69.3481
7,148.6831
5,82.5083
7,76.6871
5,82.9974
3,61.2531
6,50.7798
5,85.6898
1,42.1433
5,36.0101
5,76.9738
4,61.7611
4,73.1300
5,53.8835
2,68.6476
3,50.5634
5,45.8025
5,68.2860
7,84.1548
10,146.9971
4,142.8863
3,47.2303
6,70.2882
5,82.0922
7,86.7840
7,164.5123
4,59.8342
7,107.0336
11,393.9223
7,113.0126
7,188.3239
3,81.9288
9,170.4407
4,200.0000
3,52.2037
6,79.2483
6,84.4493
9,243.0556
8,128.8897
5,81.7280
3,45.7875
5,78.5634
2,37.7196
4,39.4033
7,188.8319
5,106.1732
5,61.3497
6,61.7175
1,47.5188
4,37.6304
10,140.1682
5,143.2372
4,52.6910
8,99.4459
8,156.7398
5,62.0402
4,62.1891
6,87.8073
6,63.9386
6,80.0183
4,63.4460
8,186.2197
4,93.0480
6,70.5219
5,95.3678
7,123.0445
2,80.1466
8,139.0268
7,127.0879
6,101.4199
7,90.7794
10,344.6578
5,284.9003
10,173.9995
5,85.8159
5,61.4305
9,168.3502
5,114.8106
3,65.3473
10,165.6021
11,198.2441
1,69.9021
6,52.3874
8,105.5329
0,0.0000
5,40.7902
7,102.5190
5,83.6320
6,81.4238
12,279.7762
2,95.5240
5,48.8349
4,59.9110
3,39.8293
6,82.4014
12,181.8182
5,118.1435
9,144.5385
8,101.9220
10,517.7515
8,137.6327
5,78.6605
6,95.1604
5,77.9163
6,62.6062
4,77.3908
9,113.6179
3,93.8715
10,155.2451
2,91.1102
6,49.8327
10,228.9078
5,201.4968
7,96.3922
6,95.9693
3,72.9775
5,81.7566
10,127.1571
4,186.5672
6,53.6769
5,116.0862
8,88.2168
7,129.3900
6,157.6222
5,55.9284
4,59.7576
2,37.4292
12,164.8999
9,164.1651
8,268.6109
5,75.3012
5,57.9566
3,55.4939
4,64.1319
4,49.9929
1,29.8037
4,38.7490
6,69.8185
7,99.1642
4,100.6905
5,91.6710
10,98.5083
3,159.5987
6,68.6476
8,148.7779
8,110.9174
5,86.8056
1,43.0981
7,102.5190
1,56.6389
3,37.9034
3,31.6256
4,42.5041
5,59.7576
5,93.8715
4,59.5542
2,58.2702
2,34.0848
3,32.1263
4,39.6376
10,157.7642
7,103.9501
5,69.3207
4,53.8586
8,140.5058
8,117.8451
1,108.2418
10,221.7295
5,151.4168
9,215.4509
6,100.9373
9,281.0116
5,81.9288
2,43.0451
7,158.9825
5,112.6489
7,97.8337
5,76.1366
5,63.1085
5,70.6999
1,33.6215
5,41.2056
2,52.9181
3,33.4800
5,57.1475
11,146.4129
5,143.8553
3,68.2594
3,38.5824
8,145.6210
5,99.3895
4,51.6529
4,62.9893
3,55.5776
2,33.6862
3,29.3871
2,35.2698
7,83.6120
4,75.3174
5,57.9326
6,66.5652
6,101.2732
6,87.5328
5,83.2639
3,54.9364
4,60.5484
3,67.6590
4,38.6420
5,78.2910
9,102.3691
5,84.3577
7,84.7458
3,57.4477
8,151.3186
4,58.6363
5,68.7285
4,59.1966
6,70.0280
12,288.5408
4,82.1596
4,44.6002
5,61.1888
8,299.7859
2,48.0967
7,106.3183
6,215.3846
8,118.9465
4,92.0326
6,93.5329
8,85.8369
7,219.8492
1,46.4283
2,30.7044
6,66.7048
7,75.5206
2,69.1153
9,121.5911
14,346.8781
7,104.6494
10,184.0652
5,97.5610
4,66.2189
6,68.9180
7,90.9918
1,65.8328
12,194.3365
7,113.6733
2,62.9270
4,35.4952
4,64.6293
6,89.7896
9,101.6260
6,104.2287
9,129.7979
4,83.1848
6,73.6687
4,58.1058
4,63.9854
8,116.2019
8,131.0616
5,120.7313
9,121.3382
4,121.2331
8,135.1873
5,93.8086
4,62.2444
5,56.6526
6,75.7986
5,69.5203
8,141.5571
5,219.8492
1,36.9998
6,66.2064
6,102.9412
7,91.4674
4,86.9673
5,48.1199
7,117.4497
9,164.6671
5,109.2726
3,49.1884
4,47.8829
5,69.5894
7,107.7918
6,99.4601
3,65.4328
5,48.0571
3,47.3453
10,178.5259
13,248.9331
3,81.3197
10,143.5014
6,107.8416
6,98.5083
9,143.9441
4,82.3239
6,54.2467
6,113.6364
5,46.8415
5,109.7179
6,56.8459
5,103.8730
8,118.0438
7,108.0580
7,100.0429
9,134.5636
7,177.8003
4,62.5056
1,50.8832
4,33.4496
1,27.7624
8,110.3927
8,136.3991
8,110.3057
8,103.6883
7,138.2033
3,52.1843
8,214.9217
7,129.2705
7,120.3163
7,98.4529
2,65.2559
7,79.4281
7,125.7410
4,95.5371
8,79.1050
5,76.5446
5,79.0335
5,61.3443
8,251.0760
4,89.5599
4,66.1313
3,47.5608
4,45.4457
2,41.4496
5,49.6560
4,82.0056
11,164.5510
5,136.6120
3,48.7058
4,48.9339
8,142.1608
6,131.2336
4,75.6920
7,110.5321
5,69.0335
3,46.9106
8,96.9395
13,219.0238
6,103.1536
4,63.9503
4,64.2379
12,228.6087
5,96.6317
3,64.9773
8,158.8022
10,272.0560
13,298.3802
5,105.0736
5,83.3135
5,69.2932
7,91.0628
6,120.0892
2,68.0074
3,37.3413
2,33.3938
5,48.9032
4,46.8227
6,82.2852
5,109.8384
2,61.8320
8,102.2495
6,123.6968
8,146.5355
3,100.7339
9,179.7637
5,169.1230
10,219.2296
8,164.1651
5,102.2943
5,56.0897
5,77.4079
6,78.7225
7,108.8139
6,70.8144
6,87.4781
8,122.0575
0,0.0000
4,39.2135
8,151.9427
8,140.0560
6,91.3480
4,80.4505
5,51.5464
11,297.6191
10,205.6404
8,213.3496
9,121.9937
7,131.5789
8,92.1538
7,156.5295
4,129.0323
7,83.6820
5,74.3731
4,75.2526
5,75.2850
5,72.3290
6,66.5399
5,69.0063
7,109.3921
4,72.7197
3,62.7128
7,93.8841
5,81.8618
7,106.4963
7,115.8365
5,97.8200
5,56.9430
3,55.7414
4,51.3272
9,136.4256
4,104.8375
8,207.1006
7,109.5805
7,97.6835
4,82.4305
5,54.7003
5,54.7817
4,95.5240
6,63.2625
7,102.9260
6,134.8488
7,88.3615
5,79.4913
10,157.0563
9,118.2233
8,102.8353
6,100.1861
8,168.5529
4,158.1563
3,64.3442
7,95.8379
11,160.7348
7,117.2922
3,96.1142
9,180.7851
6,104.7747
5,82.1500
6,186.1702
5,68.9587
12,223.2143
9,480.1098
6,128.4639
7,88.9228
9,121.8451
7,106.6098
5,67.1077
6,76.6535
4,95.7592
9,131.9759
7,115.1316
3,79.5545
8,137.7682
4,77.3395
7,87.7083
6,118.6039
7,82.1114
6,95.1345
6,84.9308
6,68.4999
5,92.5436
4,59.2417
6,88.0836
8,97.5202
8,109.1873
6,129.8220
8,91.8394
3,52.7545
2,37.7868
8,123.3698
5,65.9879
7,124.5995
13,209.0176
6,132.6009
6,91.6350
2,57.8895
9,109.0003
2,115.8365
5,56.6068
4,62.5167
10,182.8153
3,91.1102
4,48.9853
8,123.7624
7,150.2468
8,130.1357
11,186.6667
13,273.1174
8,109.1533
13,201.4968
3,79.1318
8,100.5025
10,177.1255
8,122.1641
2,55.6262
3,39.0146
5,87.3145
7,80.7289
5,93.6956
